time,a1,a2,a3,a4,a5,a6
2024-08-19 05:53:08,0.0,-92.16199991284847,124.60060593582524, 2.524354896707238e-29,-32.43860602297679,6.310887241768095e-30
2024-08-19 05:53:08,0.0,-95.45434570482237,121.56951663585475, 5.605193857299268e-45,-26.115170931032353,1.401298464324817e-45
2024-08-19 05:53:08,0.0,-95.27319615831549,121.77617935877277, 0.0,-26.502983200457273,0.0
2024-08-19 05:53:08,0.0,-95.0888237842309,121.98059668969059, 0.0,-26.891772905459693,0.0
2024-08-19 05:53:08,0.0,-94.90123484321958,122.18273752698957, 0.0,-27.28150268377,0.0
2024-08-19 05:53:08,0.0,-94.71038426378702,122.38262606036449, 0.0,-27.672241796577474,0.0
2024-08-19 05:53:08,0.0,-94.51595059803311,122.58056004103707, 0.0,-28.064609443003967,0.0
2024-08-19 05:53:08,0.0,-93.28210285028028,123.71771400329102, 0.0,-30.435611153010747,0.0
2024-08-19 05:53:08,0.0,-92.84449435655716,124.07777621280364, 0.0,-31.233281856246496,0.0
2024-08-19 05:53:09,0.0,-91.92889681559132,124.76920828968201, 0.0,-32.840311474090704,0.0
2024-08-19 05:53:09,0.0,-91.6913711511288,124.93612286001857, 0.0,-33.244751708889765,0.0
2024-08-19 05:53:09,0.0,-91.45083641953477,125.10031721618564, 0.0,-33.649480796650884,0.0
2024-08-19 05:53:09,0.0,-90.9593414782253,125.4214497863687, 0.0,-34.462108308143414,0.0
2024-08-19 05:53:09,0.0,-90.70834957639609,125.57836360837727, 0.0,-34.87001403198117,0.0
2024-08-19 05:53:09,0.0,-90.45437244896692,125.73250744998384, 0.0,-35.278135001016935,0.0
2024-08-19 05:53:09,0.0,-90.19705679802618,125.88409231045031, 0.0,-35.687035512424124,0.0
2024-08-19 05:53:19,0.0,-89.13333181940894,126.46514434841473, 0.0,-37.331812529005795,0.0
2024-08-19 05:54:03,-0.5024092984370324,-89.44017007595804,128.11714029008206, -0.8039141615492682,-38.67972184551308,0.6275929979573781
2024-08-19 05:54:03,-0.3382648074223663,-91.40864538645761,128.25344646171519, -0.5640925110365795,-36.84613363933408,0.4514195927074255
2024-08-19 05:54:03,-0.5456257996496632,-92.0403303617716,128.30163627926953, -0.9224411813824461,-36.26484748449025,0.7437788266878244
2024-08-19 05:54:03,-0.5862194650364818,-92.3320187667754,127.71727727743023, -1.0122739483727345,-35.389480474175905,0.82526907809468
2024-08-19 05:54:03,-0.6071873618540435,-92.69834538340666,127.04858172504302, -1.076009834116209,-34.35494354215454,0.8883412707549477
2024-08-19 05:54:03,-0.6425817810078092,-93.1504420635494,126.36751262250476, -1.1728811536866504,-33.222572986096544,0.981213138231327
2024-08-19 05:54:03,-0.6431378365902017,-93.34096897563111,125.87362775143175, -1.1957885327433113,-32.538317048157836,1.0081302616172734
2024-08-19 05:54:03,-0.6425817810078093,-93.15044206354942,126.36751262250476, -1.1728811536866504,-33.222572986096544,0.981213138231327
2024-08-19 05:54:03,-0.6592928094703613,-93.72675133204197,125.12187609893374, -1.2654403472370408,-31.401339570175246,1.0801498783303847
2024-08-19 05:54:03,-0.5709430993199581,-93.87153994264908,124.40745012556462, -1.123623685475868,-30.540732189026652,0.9677733025005867
2024-08-19 05:54:03,-0.5953738605753378,-94.50395678530823,124.42635946805801, -1.1934189428556465,-29.92777680615132,1.034319701982613
2024-08-19 05:54:04,-0.4926954160769663,-94.1473034176562,125.04521120891431, -0.9594001841798329,-30.90144743959797,0.8232354738427756
2024-08-19 05:54:04,-0.6756773307259812,-93.69896157164999,125.43036109864485, -1.2845537793093267,-31.73784171219024,1.0925172262103091
2024-08-19 05:54:04,-0.4926954160769663,-94.1473034176562,125.04521120891431, -0.9594001841798329,-30.90144743959797,0.8232354738427756
2024-08-19 05:54:04,-0.6756773307259812,-93.69896157164999,125.43036109864485, -1.2845537793093267,-31.73784171219024,1.0925172262103091
2024-08-19 05:54:04,-0.9664840035850678,-92.38873214258625,126.23924098407312, -1.7347070724961013,-33.86265998477281,1.440595067040146
2024-08-19 05:54:04,-1.0076757628991762,-91.92108214162242,126.50246372136088, -1.7750166097638393,-34.59423302792874,1.461332855180104
2024-08-19 05:54:04,-0.9623278254193216,-91.29170750826678,126.63031874038579, -1.6634430494914627,-35.35000702258125,1.3568865364443867
2024-08-19 05:54:04,-1.1476775692578478,-90.76111145296352,126.71717630992974, -1.9541126587422863,-35.9719075618345,1.5816848915683475
2024-08-19 05:54:04,-1.3821193760060775,-90.28449594474965,126.96162477970465, -2.3131169089282158,-36.69950519381775,1.8549726030168334
2024-08-19 05:54:04,-1.478814693854328,-89.78902832948215,127.15310299312824, -2.4358320414333443,-37.38905975660459,1.9357729786070457
2024-08-19 05:54:04,-1.8179447577797883,-90.24472822692773,126.955301438939, -3.039362222136424,-36.74923061227272,2.4361427586341873
2024-08-19 05:54:04,-1.7661461390569841,-90.66270002291776,126.45123163639906, -3.0182717665934913,-35.826269863807866,2.4479768475764647
2024-08-19 05:54:04,-1.8179447577797883,-90.24472822692773,126.955301438939, -3.039362222136424,-36.74923061227272,2.4361427586341873
2024-08-19 05:54:04,-1.7056574173860712,-91.04551079314135,126.0270872609096, -2.9732966321148835,-35.0178402455262,2.435770633764164
2024-08-19 05:54:04,-1.4031216856712665,-91.55998532790593,125.26562329659983, -2.527348105203437,-33.73138372642441,2.1022896090134644
2024-08-19 05:54:04,-1.2869693560375985,-91.76285833823258,124.69494066219231, -2.3663513198898114,-32.954389537194714,1.985948593227188
2024-08-19 05:54:04,-1.1849162492404957,-91.96133598517126,124.22432336860948, -2.218956323898542,-32.28239068385357,1.8762309448608767
2024-08-19 05:54:04,-1.2869693560375985,-91.76285833823258,124.69494066219231, -2.3663513198898114,-32.954389537194714,1.985948593227188
2024-08-19 05:54:05,-1.055748083761432,-92.10919485494392,123.65873780192301, -2.017124317681559,-31.56538079118246,1.7188719861901076
2024-08-19 05:54:05,-1.1849162492404957,-91.96133598517126,124.22432336860948, -2.218956323898542,-32.28239068385357,1.8762309448608767
2024-08-19 05:54:05,-0.9645237505243589,-92.38740830879289,122.87783987835098, -1.9004170819326145,-30.504216089181583,1.637538501148876
2024-08-19 05:54:05,-1.1144425744513045,-92.67202673647313,122.46610101085639, -2.2419996041183925,-29.812997567597254,1.9455223860731572
2024-08-19 05:54:05,-0.9645237505243588,-92.38740830879289,122.87783987835098, -1.9004170819326145,-30.504216089181583,1.6375385011488761
2024-08-19 05:54:05,-1.1144425744513045,-92.67202673647313,122.46610101085639, -2.2419996041183925,-29.812997567597254,1.9455223860731572
2024-08-19 05:54:05,-1.286433487770222,-93.03906644248104,122.03132617121078, -2.652677760428773,-29.018309990460526,2.320063104698329
2024-08-19 05:54:05,-1.3730942585618422,-93.29299667085918,121.6381933688792, -2.890148342041105,-28.3756792946789,2.543385184971812
2024-08-19 05:54:05,-1.1636290981816173,-93.63055134509369,121.13749365058041, -2.518186294378347,-27.52962483059598,2.233364143724793
2024-08-19 05:54:05,-1.019724537005876,-94.10116786285394,120.93456287184974, -2.2581065848937745,-26.851327061524056,2.0148538149083213
2024-08-19 05:54:05,-0.8662456090416245,-94.68135221637334,120.78193846854381, -1.9683464315338521,-26.11394924163009,1.767553191249976
2024-08-19 05:54:05,-0.6371106012487533,-95.6344284992518,121.03258824653273, -1.4851598753347173,-25.405619189962874,1.3415901472292704
2024-08-19 05:54:05,-0.6103133617352656,-96.55085077402359,121.51956101678132, -1.4455657903478,-24.975689981492653,1.3104361893075631
2024-08-19 05:54:05,-0.39034390975944944,-98.42315818419132,122.77890693119681, -0.9464440770125055,-24.358685827131648,0.8622061961221759
2024-08-19 05:54:05,-0.5383142225379676,-97.69655699349934,122.23624292022585, -1.295949662353431,-24.545224133674786,1.1788741318407823
2024-08-19 05:54:05,-0.39034390975944944,-98.42315818419132,122.77890693119681, -0.9464440770125057,-24.358685827131648,0.8622061961221759
2024-08-19 05:54:05,-0.18234698975571398,-99.80548588914104,123.80847162451599, -0.44825699570449296,-24.0036373556877,0.4094929494716095
2024-08-19 05:54:05,0.18265436770012147,-100.9617071245855,124.68330234079659, 0.4540253572752889,-23.722257772317505,-0.4156645189486421
2024-08-19 05:54:05,0.4543347231345075,-102.35837455061275,125.7883106922283, 1.1424868754638118,-23.434092497042258,-1.0482744167278373
2024-08-19 05:54:05,0.7637567195595419,-103.59768000703548,126.75945916590885, 1.9411493005360343,-23.173674956309284,-1.7846357999988727
2024-08-19 05:54:05,1.1272626229959364,-104.63202454519566,127.64369192394716, 2.8815653364373195,-23.037762122351573,-2.6520945404525937
2024-08-19 05:54:05,1.681260660924951,-105.34012616788604,128.5523180340471, 4.2590334094302715,-23.26963936202946,-3.9137100081124165
2024-08-19 05:54:05,1.1272626229959364,-104.63202454519566,127.64369192394716, 2.881565336437319,-23.037762122351573,-2.6520945404525937
2024-08-19 05:54:05,1.681260660924951,-105.34012616788604,128.5523180340471, 4.2590334094302715,-23.26963936202946,-3.9137100081124165
2024-08-19 05:54:05,1.9781429505827823,-106.11271807398634,129.49423859190279, 4.97403570563013,-23.46036800285188,-4.5646757447925115
2024-08-19 05:54:05,2.079735508324142,-107.59317188240752,131.5280175099216, 5.114941450693029,-24.019732239993395,-4.674069559994851
2024-08-19 05:54:06,1.9182314108447227,-107.07997965062553,130.64330170720612, 4.78903920752017,-23.63683392617651,-4.388904769784706
2024-08-19 05:54:06,2.063402746606506,-107.75484377918906,132.17560030000098, 4.9804606423250455,-24.5024480224954,-4.533899932010662
2024-08-19 05:54:06,1.8677808493728258,-107.85148732043216,132.82807167434348, 4.416224334761426,-25.041855479810483,-4.002512851370485
2024-08-19 05:54:06,2.063402746606506,-107.75484377918906,132.17560030000098, 4.9804606423250455,-24.5024480224954,-4.533899932010662
2024-08-19 05:54:06,1.5384715421981223,-107.84597646302109,133.50468879656586, 3.549280049010235,-25.701673519401254,-3.1988988918779295
2024-08-19 05:54:06,1.0954497648637718,-107.50374405770847,134.23508730960157, 2.434205009171849,-26.75212817106678,-2.1739180648131837
2024-08-19 05:54:06,0.805551329862809,-106.95901377642983,134.82194341712756, 1.7232220889916268,-27.873639556198597,-1.5233956628196132
2024-08-19 05:54:06,1.095449764863772,-107.50374405770847,134.23508730960157, 2.434205009171849,-26.75212817106678,-2.1739180648131837
2024-08-19 05:54:06,0.4630085436234259,-106.16188344574427,135.22120782175367, 0.9531843925722954,-29.062690950954973,-0.833185865294199
2024-08-19 05:54:06,0.05592199926059396,-105.41594871016285,135.56065307514777, 0.11135712698522315,-30.14475135912089,-0.09629715818080276
2024-08-19 05:54:06,-0.29913949058164757,-104.74863283779182,135.82058273270079, -0.5795850650159508,-31.073245812768153,0.49642386319083576
2024-08-19 05:54:06,-0.594712117332404,-103.91958401614313,135.9203107249553, -1.1221433194739545,-32.005665556281095,0.9516068771519886
2024-08-19 05:54:06,-0.8416718115872357,-102.85913398476042,135.77221097645173, -1.5487300313312888,-32.92262681342166,1.3001057116387735
2024-08-19 05:54:06,-1.1276118157510882,-101.88972939919171,135.55068361928804, -2.033790027266729,-33.67761239017515,1.6926793595391505
2024-08-19 05:54:06,-1.3294237172885612,-100.81034988433589,134.93466900515656, -2.368854449354858,-34.1470705772514,1.960814635771861
2024-08-19 05:54:06,-1.1659770875280646,-98.8995946231656,133.38983896536294, -2.0584610244318977,-34.50750833761683,1.6965130601388863
2024-08-19 05:54:06,-1.1079775051961822,-98.09786773975166,132.7106434010858, -1.9500608251895368,-34.62829403864236,1.6048190321971925
2024-08-19 05:54:06,-1.1659770875280646,-98.8995946231656,133.38983896536294, -2.0584610244318977,-34.50750833761683,1.6965130601388865
2024-08-19 05:54:06,-1.1079775051961822,-98.09786773975166,132.7106434010858, -1.9500608251895368,-34.62829403864236,1.6048190321971925
2024-08-19 05:54:06,-1.386979193523199,-95.04145248756213,129.78813390329037, -2.4325267080336452,-34.77087501386713,1.9985632843651606
2024-08-19 05:54:06,-1.6179490807505874,-91.66091374431498,127.28259401193625, -2.7764892281988196,-35.65354880881747,2.2566539448865237
2024-08-19 05:54:06,-1.707164754945312,-90.8399104236539,126.64484067424871, -2.9164358066801643,-35.840170003334684,2.364918956719014
2024-08-19 05:54:06,-1.886850446079498,-90.1284562089057,126.07732528850514, -3.211844602822179,-35.991685822445966,2.5996508887365843
2024-08-19 05:54:06,-2.004640273555757,-89.28835606848726,125.4204615306258, -3.39711936225076,-36.18010772223903,2.7431566751241765
2024-08-19 05:54:06,-2.1080840146534316,-88.50794721915933,124.80971718931754, -3.5577517001549626,-36.35452199189826,2.8665812188441264
2024-08-19 05:54:06,-2.1420617105358466,-85.29367475163467,121.87892604922426, -3.590919854614906,-36.639155914220055,2.8827330409958005
2024-08-19 05:54:07,-1.7259220984309995,-83.2824299440876,119.56696014031874, -2.9147814425887533,-36.31992056503205,2.3492154662683187
2024-08-19 05:54:07,-1.6019409046430235,-82.49818969919421,118.64039768731286, -2.71478882073665,-36.172857746763434,2.19205746768456
2024-08-19 05:54:07,-1.6669834208741774,-81.80312532305614,118.47541683642488, -2.7897385809296096,-36.70484339167334,2.237234927886347
2024-08-19 05:54:07,-1.7623670894807164,-82.38460488999371,119.21142724320335, -2.9385749464985627,-36.86300013618967,2.351814110080087
2024-08-19 05:54:07,-1.8079968494844934,-83.13938737883332,119.71870914590897, -3.032055985108764,-36.61774065228097,2.4344359412959578
2024-08-19 05:54:07,-1.6067661569076277,-84.82294011344443,120.77947317812374, -2.735090133581636,-35.98757823871479,2.213663328836701
2024-08-19 05:54:07,-1.5929458019349596,-85.81878713473817,121.45159815703285, -2.73288576437467,-35.66368996884394,2.2209140752770566
2024-08-19 05:54:07,-1.6641421620546635,-86.80571065606692,122.286452977065, -2.8655035226533614,-35.514631290018755,2.3330821251640983
2024-08-19 05:54:07,-1.7351414774220575,-87.5298904733171,122.94553545328841, -2.9923771844636926,-35.45257439076179,2.4383238395699207
2024-08-19 05:54:07,-1.6641421620546635,-86.80571065606692,122.286452977065, -2.8655035226533614,-35.514631290018755,2.3330821251640983
2024-08-19 05:54:07,-1.8327846739553706,-89.11013513370379,124.36221174338397, -3.173276294487395,-35.293526564183196,2.590921240735292
2024-08-19 05:54:07,-1.7969514732388872,-88.2624928080761,123.58398858141437, -3.106005221052266,-35.36123954539132,2.533838847873828
2024-08-19 05:54:07,-1.8731340360099327,-90.83228040024045,125.79119254748761, -3.26667932806662,-35.00267901855932,2.676773419130097
2024-08-19 05:54:07,-1.9154228221270695,-91.79432083367178,126.6555743649564, -3.3484682899862737,-34.90718390946436,2.747036064623082
2024-08-19 05:54:07,-1.8946403278471748,-92.75185991096735,127.47415484111875, -3.323747707637819,-34.76746759972825,2.7313653539269906
2024-08-19 05:54:07,-1.6086810145662542,-94.5181522553618,128.87941903717555, -2.848603766112846,-34.39428064599551,2.3512000490767306
2024-08-19 05:54:07,-1.1700403626471445,-95.50575454665491,129.5509967050924, -2.0892914814986967,-34.06291913171688,1.731057775721413
2024-08-19 05:54:07,-0.7202602670254828,-96.46221118710903,130.1112276960957, -1.2997104752528013,-33.65581711309486,1.0819122553800151
2024-08-19 05:54:07,-0.4781857464491933,-97.53810684316622,130.90753891374604, -0.869326364228988,-33.37246170460314,0.726002036772468
2024-08-19 05:54:07,-0.3878165554639378,-99.04685903466634,132.17163686144096, -0.7096579364054391,-33.126789237418464,0.5943215462123699
2024-08-19 05:54:08,-0.21499168009829617,-100.02463746545183,133.0487950817644, -0.39448112485604003,-33.02477815431487,0.33074831636303326
2024-08-19 05:54:08,-0.259081362189918,-100.73913089940469,133.73126549264862, -0.4757865963429267,-32.99303684321305,0.39906242422031496
2024-08-19 05:54:08,-0.20441547196866436,-101.65112176029417,134.43920373006748, -0.3774714532290599,-32.78864804771823,0.31733175082209847
2024-08-19 05:54:08,-0.259081362189918,-100.73913089940469,133.73126549264862, -0.4757865963429267,-32.99303684321305,0.39906242422031496
2024-08-19 05:54:08,-0.20441547196866436,-101.65112176029417,134.43920373006748, -0.3774714532290599,-32.78864804771823,0.31733175082209847
2024-08-19 05:54:08,-0.6305119357719724,-101.56341993974848,133.8989564895409, -1.1786803761798537,-32.34101634272077,0.9958826054578684
2024-08-19 05:54:08,-0.712108202427479,-100.66351388754931,133.10945839738778, -1.3271437621783533,-32.452904514295106,1.1199451142541625
2024-08-19 05:54:08,-0.8456550031882311,-99.98203159731783,132.44601505325795, -1.5751707020114778,-32.473791508863584,1.328969002736074
2024-08-19 05:54:08,-0.712108202427479,-100.66351388754931,133.10945839738778, -1.3271437621783533,-32.452904514295106,1.1199451142541625
2024-08-19 05:54:08,-0.9530663333524831,-99.21202283909997,131.69551832594485, -1.7742068565846814,-32.495943450147855,1.4965564195040142
2024-08-19 05:54:08,-1.0961306549584369,-98.45839907029459,130.97752783561427, -2.0383933530627165,-32.53557073341407,1.7186929494632617
2024-08-19 05:54:08,-1.4031814931367566,-97.76196419003361,130.26970890630395, -2.6097058037747716,-32.53469580126338,2.200594092503382
2024-08-19 05:54:08,-1.6174343107969327,-96.5353805508995,128.69638670823048, -3.0365363669952465,-32.19729323769732,2.5702557333502605
2024-08-19 05:54:08,-1.521457826569742,-96.0276272812592,127.91429691777296, -2.8784883489089275,-31.919123633534163,2.4438218534807516
2024-08-19 05:54:08,-1.4529944291779993,-95.46955634756165,126.9087533651203, -2.7840879157739167,-31.46931882841045,2.3751130900539383
2024-08-19 05:54:08,-1.472638214737007,-93.94007603785666,124.47048418251973, -2.897086376251668,-30.562480744633643,2.495158781492214
2024-08-19 05:54:08,-1.5001778222755424,-92.90024151707485,122.83231992336277, -3.0044613669541747,-29.966168966417595,2.603421544053231
2024-08-19 05:54:08,-1.4404121143979287,-92.3745062225715,121.93095710060473, -2.9181544564666377,-29.588362214295778,2.538148104056275
2024-08-19 05:54:08,-1.3545052784692746,-91.94394646234154,120.98887945620419, -2.78826147752315,-29.073749223185168,2.437380647785512
2024-08-19 05:54:08,-1.2967813830222823,-91.52207393395021,120.12116622163711, -2.707534959044285,-28.625996595481222,2.376987275091011
2024-08-19 05:54:08,-1.5037942631757195,-91.07004578111784,119.24687102495754, -3.182149641090903,-28.21364134805609,2.804725624533624
2024-08-19 05:54:08,-1.5575240465671394,-90.60927608208547,118.19602204386659, -3.3602923344538276,-27.627233023062686,2.97789661815674
2024-08-19 05:54:08,-1.6477098500197482,-89.93971219292177,117.22042654163445, -3.5911506562640723,-27.32661663070617,3.1912730284015773
2024-08-19 05:54:08,-1.7725737809743356,-89.08816216378028,116.33338553977015, -3.8672930583796887,-27.298419901102605,3.437689519395825
2024-08-19 05:54:08,-2.1612980312387102,-88.20864439750301,115.65469382448836, -4.680948202879156,-27.52442418519688,4.153101439712591
2024-08-19 05:54:09,-1.7725737809743356,-89.08816216378028,116.33338553977015, -3.8672930583796887,-27.298419901102605,3.437689519395825
2024-08-19 05:54:09,-2.1612980312387102,-88.20864439750301,115.65469382448836, -4.680948202879156,-27.52442418519688,4.153101439712591
2024-08-19 05:54:09,-2.209607271763893,-87.30837550954263,114.98675937032341, -4.748335881962935,-27.75949255722487,4.203938013606639
2024-08-19 05:54:09,-2.2790175820547356,-86.46907617544471,114.45655957700048, -4.847391295152101,-28.072642934552327,4.279362550178851
2024-08-19 05:54:09,-2.2213730125922577,-85.65154067936389,114.01110526114451, -4.668527639590432,-28.4392273307436,4.107201989287457
2024-08-19 05:54:09,-2.1565096407453765,-85.11465925979545,114.36088468083061, -4.407349849854422,-29.318613585422767,3.844630211434748
2024-08-19 05:54:09,-2.2061711432186275,-84.82231552696936,114.70696690896084, -4.421184463411171,-29.95847032567497,3.832354663740862
2024-08-19 05:54:09,-2.2527262429958803,-83.49768615968827,115.29497536951642, -4.2695914523580285,-31.868641545346954,3.6278671533512146
2024-08-19 05:54:09,-2.187796679970249,-82.7179532130004,115.48005450382418, -4.038116545606223,-32.826944526867315,3.3949277358970398
2024-08-19 05:54:09,-2.152025245659524,-81.9212548506784,115.56179687919848, -3.880540275832844,-33.70122272520355,3.2299051768755493
2024-08-19 05:54:09,-1.8850009555279084,-81.33720564512068,115.45929669690096, -3.3576871281145517,-34.167820267240074,2.779140425612658
2024-08-19 05:54:09,-1.8012386829295413,-80.80185776174156,115.49308749332201, -3.1625940507993664,-34.73210821805645,2.599955331532901
2024-08-19 05:54:09,-1.8263642486733678,-80.69353616842837,116.18768003103523, -3.1434508638558,-35.534937701827474,2.558885528218067
2024-08-19 05:54:09,-1.7507318542271417,-80.5696706597428,116.78353444842445, -2.9616016482310616,-36.25037263012873,2.3891000432314615
2024-08-19 05:54:09,-1.6044522179588439,-80.4627851078445,117.26466020172843, -2.6770790706006307,-36.831889782862326,2.1432886748429056
2024-08-19 05:54:09,-1.6015408684077872,-80.68040803888826,118.01914705218273, -2.639333794056303,-37.368068323172785,2.0981650136354384
2024-08-19 05:54:09,-1.727140714001111,-81.26822193974105,118.83233062066022, -2.83156052666398,-37.59793984560139,2.244158118557846
2024-08-19 05:54:09,-1.7857655534090455,-81.9628121864691,119.39055881285071, -2.9366494931082063,-37.46409082344851,2.331675871952225
2024-08-19 05:54:09,-1.7695283655205538,-82.7713368414958,119.88546419674911, -2.930946901643427,-37.150221266345234,2.336868776065383
2024-08-19 05:54:10,-1.935550299093408,-84.52513498254963,121.47728149468779, -3.217596473244841,-36.99558120085516,2.5708144119340894
2024-08-19 05:54:10,-1.89417793643826,-83.65257733068663,120.70378002651205, -3.141708459239897,-37.092652231458025,2.5069327975077322
2024-08-19 05:54:10,-1.9188158878889745,-85.35601129101252,122.21818885865633, -3.1964771011960007,-36.90500456859093,2.556962303538042
2024-08-19 05:54:10,-1.8300904470701242,-86.1523565737999,122.90967451285651, -3.0563068791605814,-36.79642676232584,2.4482278178872843
2024-08-19 05:54:10,-1.6429304781814826,-87.27721851190238,123.72302249848383, -2.76419850615,-36.47768579416163,2.223269613886096
2024-08-19 05:54:10,-1.8300904470701242,-86.1523565737999,122.9096745128565, -3.0563068791605814,-36.79642676232584,2.4482278178872843
2024-08-19 05:54:10,-1.5261220994759537,-88.12462971577249,124.30660009209404, -2.583964871269778,-36.20974816715221,2.085390704820078
2024-08-19 05:54:10,-1.2421476249364387,-89.99914691142368,125.45146188191927, -2.140879467309224,-35.471219807892226,1.7438206985570393
2024-08-19 05:54:10,-1.5261220994759537,-88.12462971577247,124.30660009209404, -2.583964871269778,-36.20974816715221,2.0853907048200777
2024-08-19 05:54:10,-1.2421476249364387,-89.99914691142368,125.45146188191927, -2.140879467309224,-35.471219807892226,1.7438206985570388
2024-08-19 05:54:10,-1.2341706474929068,-90.75227346433442,126.03205688801843, -2.1361746411365767,-35.29856568655786,1.743713052497663
2024-08-19 05:54:10,-1.1651646830387836,-92.38614931147887,127.09520950651832, -2.0456807768651584,-34.726159919478405,1.6815442069628332
2024-08-19 05:54:10,-1.244532566385622,-93.26366113133491,127.74942124989681, -2.197306565469403,-34.50543133688757,1.8110247652694555
2024-08-19 05:54:10,-1.1715489478720869,-94.204889774933,128.55611399609188, -2.075622128011788,-34.36874445726613,1.7135021171714686
2024-08-19 05:54:10,-0.9325315497764467,-95.46889594798401,130.1998262419607, -1.636514309288735,-34.74187556572585,1.3448879924038089
2024-08-19 05:54:10,-1.0876393217808218,-94.99787623608114,129.37663010178034, -1.9256870406977011,-34.39383926126513,1.5892182593017135
2024-08-19 05:54:10,-0.9325315497764466,-95.46889594798401,130.1998262419607, -1.6365143092887353,-34.74187556572584,1.3448879924038089
2024-08-19 05:54:10,-0.8091248195172442,-95.70814093643875,130.86598817653646, -1.404954659381769,-35.165957911770136,1.1486088658659217
2024-08-19 05:54:10,-0.5291357762798778,-95.78078572784761,131.4324394591055, -0.9077829760637085,-35.655059877088114,0.7376318394764079
2024-08-19 05:54:10,-0.3955209758679456,-95.67546055569659,131.9838232394251, -0.6679425198214006,-36.31022051932123,0.5382517714249272
2024-08-19 05:54:10,-0.4540184968953327,-95.16407943018092,132.41828384341335, -0.7499797979542552,-37.25656958161321,0.5969458605132503
2024-08-19 05:54:10,-0.6228554370718848,-94.67438081003203,132.8752033018422, -1.0071086789196215,-38.205124311071415,0.791418769742974
2024-08-19 05:54:10,-0.7476753302933554,-93.69617929404288,132.91814619910275, -1.182319257250776,-39.227943213648246,0.9159192356287318
2024-08-19 05:54:10,-0.6208244380275598,-92.0302330821032,132.31130199305096, -0.9601769020104398,-40.28503741164555,0.73248733666605
2024-08-19 05:54:10,-0.5613240061410685,-90.52782020442694,131.78101927338707, -0.8512451539878354,-41.25633394759488,0.6399584168629175
2024-08-19 05:54:10,-0.5494608756869432,-89.2852460791211,131.35306888143214, -0.8200479791770414,-42.07074180292146,0.6087551188792704
2024-08-19 05:54:10,-0.5876554349594376,-88.1016438097459,130.90598724814902, -0.8648036400683061,-42.80759726178857,0.6344765888551427
2024-08-19 05:54:10,-0.5284545599398228,-87.1327501753844,130.3072001075696, -0.7723188724174238,-43.1770473553475,0.5632239466531905
2024-08-19 05:54:11,-0.5956327944355245,-85.9654553407356,129.56055249933144, -0.8637554724552943,-43.59834873692486,0.6255471102039596
2024-08-19 05:54:11,-0.5248346442555221,-85.16281725244937,128.97523154890183, -0.7580803761530743,-43.814919759915604,0.5470309155315314
2024-08-19 05:54:11,-0.5725325154333099,-83.93537705001523,128.22975958307353, -0.8198131379998299,-44.29731430875183,0.5867806746866557
2024-08-19 05:54:11,-0.5248346442555221,-85.16281725244937,128.97523154890183, -0.7580803761530743,-43.814919759915604,0.5470309155315314
2024-08-19 05:54:11,-0.7065772128700637,-82.942959382601,127.80195824988498, -1.0016679963846595,-44.86337693019215,0.7100091358797467
2024-08-19 05:54:11,-1.175183132477069,-80.5610399052992,127.08602878667566, -1.6192314874093365,-46.53641431883325,1.114014925940996
2024-08-19 05:54:11,-1.4487448347192151,-79.84313986622357,126.62742931745042, -1.9875279389127485,-46.80149545091437,1.3608087275225933
2024-08-19 05:54:11,-1.175183132477069,-80.5610399052992,127.08602878667566, -1.6192314874093363,-46.53641431883326,1.114014925940996
2024-08-19 05:54:11,-1.537235052975884,-79.94384211838445,125.94746546019951, -2.136399935705802,-46.02353059152335,1.483792910699516
2024-08-19 05:54:11,-1.6162310700157014,-80.1339650561213,125.34990472530171, -2.276535335732238,-45.238558325233534,1.6034625950108121
2024-08-19 05:54:11,-1.7146649108109921,-80.37505106589629,124.80235465248919, -2.4487477062211616,-44.45347064104698,1.7484857330222205
2024-08-19 05:54:11,-1.827051789516399,-80.84124993802678,124.04146705777319, -2.6679578130825083,-43.231226235297896,1.9445211389487809
2024-08-19 05:54:11,-1.7254101033868805,-81.2877965397004,123.17810062263675, -2.583114169944209,-41.91925830779148,1.9226430659593552
2024-08-19 05:54:11,-1.5682613108893186,-81.50658837763605,122.63924562201464, -2.383303659384143,-41.15722453810637,1.7948530274803642
2024-08-19 05:54:11,-1.357040261768266,-81.88587434123716,121.59372186528742, -2.123539615849563,-39.72719445729971,1.633511931770234
2024-08-19 05:54:11,-1.4501695455118961,-81.67669343413503,122.13846248595166, -2.234017018160318,-40.483279732063934,1.6995461684595086
2024-08-19 05:54:11,-1.2430051578528494,-82.31375415003129,120.87267904870492, -1.9936791278065953,-38.575836083861404,1.5588700759245344
2024-08-19 05:54:11,-1.357040261768266,-81.88587434123716,121.59372186528742, -2.123539615849563,-39.72719445729972,1.6335119317702342
2024-08-19 05:54:11,-1.2430051578528494,-82.31375415003129,120.87267904870492, -1.9936791278065953,-38.575836083861404,1.5588700759245344
2024-08-19 05:54:11,-1.4150646014196657,-82.95432305981399,120.45553235121432, -2.323631849599466,-37.523974203083796,1.843243885357107
2024-08-19 05:54:11,-1.6223754811505429,-84.4414987811846,120.18717152642421, -2.7757133694643885,-35.777569905926086,2.2525183153565864
2024-08-19 05:54:11,-1.5883588114557754,-83.86207929586716,120.31011305114257, -2.672329720934421,-36.47783120366094,2.149336180429058
2024-08-19 05:54:11,-1.622375481150543,-84.4414987811846,120.18717152642421, -2.775713369464388,-35.77756990592608,2.252518315356586
2024-08-19 05:54:11,-1.6486919040486605,-84.94420151613613,120.02213069086852, -2.867232918396499,-35.11169138732383,2.3461370553702627
2024-08-19 05:54:11,-1.5470612527927436,-86.2976920819356,119.27332906190988, -2.840748170106536,-33.007813206918144,2.3828201189994482
2024-08-19 05:54:11,-1.605141180077096,-86.69646089516765,118.93357819080632, -3.0071494438571453,-32.272750162254425,2.543258154076795
2024-08-19 05:54:11,-1.783946364993534,-87.17437056552707,118.81238667484354, -3.398012095225205,-31.68305982948317,2.8925293193987
2024-08-19 05:54:12,-2.047091823650744,-87.95955864200572,119.00477265058069, -3.964779153199683,-31.10590779188187,3.396144592678327
2024-08-19 05:54:12,-1.840244045065892,-88.19562154667389,118.65762762797053, -3.6263086347886877,-30.512211182481913,3.125216082025917
2024-08-19 05:54:12,-1.9272447787101379,-87.74062327695465,117.90849791459355, -3.830772461177864,-30.223586039156796,3.3112960769655317
2024-08-19 05:54:12,-1.9395607707591498,-88.49823642865968,118.08967771409206, -3.9230899845757463,-29.649193651105477,3.4107453837828094
2024-08-19 05:54:12,-1.8638627012361568,-89.3254634599096,118.47579835188867, -3.822096479619798,-29.204639058028942,3.337419288015703
2024-08-19 05:54:12,-1.6532864429226268,-90.2913331885415,119.05775400144373, -3.4323138054511957,-28.80983664128585,3.0083108782773214
2024-08-19 05:54:12,-1.8638627012361568,-89.3254634599096,118.47579835188867, -3.822096479619798,-29.204639058028942,3.337419288015703
2024-08-19 05:54:12,-1.5487833892096026,-91.24856021061711,119.7009698734978, -3.2481271305437813,-28.49101334400678,2.855448515235204
2024-08-19 05:54:12,-1.595508258837222,-92.504396013182,120.62041299169647, -3.3825732053732214,-28.157563044672266,2.9830279109826376
2024-08-19 05:54:12,-1.5455055147127479,-93.90476176633939,121.51786350882526, -3.3314829676050426,-27.652922255054456,2.951661393790884
2024-08-19 05:54:12,-1.595508258837222,-92.50439601318197,120.62041299169647, -3.3825732053732214,-28.157563044672266,2.9830279109826368
2024-08-19 05:54:12,-1.5455055147127479,-93.90476176633939,121.51786350882526, -3.3314829676050426,-27.652922255054456,2.951661393790884
2024-08-19 05:54:12,-1.377455472998061,-95.076643123878,122.2384784698234, -3.015186472330675,-27.194086942382917,2.682415401470509
2024-08-19 05:54:12,-1.1047478392235228,-95.90836817585624,122.75997889000168, -2.444675044453576,-26.87263991727304,2.180953418547034
2024-08-19 05:54:12,-0.9286135909422835,-96.58253247838253,122.96896803821696, -2.0887380445322665,-26.401599594815053,1.871045155500779
2024-08-19 05:54:13,-1.033629923362723,-97.0674679896561,122.74293051891765, -2.3845123545152984,-25.69484916904702,2.148955417399861
2024-08-19 05:54:13,-1.2793066572401708,-96.20666683690584,122.32031393293197, -2.9044966596883928,-26.142766926617053,2.60779708791038
2024-08-19 05:54:13,-1.4781917528475625,-95.42312090538941,122.25917333186817, -3.271565598301669,-26.87371547634267,2.91890070567464
2024-08-19 05:54:13,-1.4449057022467833,-94.48593639568327,122.08539914106079, -3.1163929982088403,-27.63429132838595,2.7614796262154924
2024-08-19 05:54:13,-1.6249839992717126,-93.69719081342505,122.09236580540728, -3.413931993279345,-28.43776920852933,3.002794834993145
2024-08-19 05:54:13,-1.8257594998197346,-92.94348269661059,121.70402876904986, -3.7903193913697653,-28.813496824035298,3.3221770087553626
2024-08-19 05:54:13,-2.0908667497369597,-92.17672349106803,121.31805600526705, -4.287550179409569,-29.209678512205624,3.744006880602705
2024-08-19 05:54:13,-2.0465879181514444,-91.33095793650376,120.93213179407662, -4.137783218146469,-29.665443229481934,3.5969754494807487
2024-08-19 05:54:13,-2.164226188959442,-90.6299663925627,120.79943910737025, -4.300364752414233,-30.239705926639846,3.7169658648575785
2024-08-19 05:54:13,-2.274801016393094,-89.92811152824332,120.81127508617737, -4.425321905971248,-30.95857446077973,3.7968845373123243
2024-08-19 05:54:13,-1.936771058769522,-89.23930009059771,120.66200355674239, -3.711147818210336,-31.476237185663862,3.1662841844813987
2024-08-19 05:54:13,-1.78346047824533,-88.5079424500169,120.61583527866027, -3.352678905024597,-32.152097184139386,2.839424067899899
2024-08-19 05:54:13,-1.4258276820911424,-88.12182365980995,119.96377801413384, -2.7011464440646185,-31.87050822208887,2.2944050186206013
2024-08-19 05:54:46,-2.0349493588613456,-88.77501036252151,121.10444220601316, -3.801176464115178,-32.386479427029464,3.211270923489554
2024-08-19 05:54:46,-2.0022038078743387,-88.76438604659181,121.53997294754845, -3.694914066245087,-32.829876113953276,3.106042174950136
2024-08-19 05:54:46,-1.4316851416901,-88.36966940215554,121.0164920593015, -2.6525830322550124,-32.67472974186552,2.233273960505911
2024-08-19 05:54:46,-0.8674432920010493,-88.40420482447686,121.00400069460662, -1.6097497500587683,-32.61006196258856,1.3560888265241076
2024-08-19 05:54:46,-0.577885697578368,-89.21397231760473,121.54972818825605, -1.0803116440574643,-32.34035911135803,0.9127703001939103
2024-08-19 05:54:46,-0.4492924337292371,-90.97571507483961,122.33427620277956, -0.8633251338515624,-31.361451645236393,0.7372094245198393
2024-08-19 05:54:46,-0.3739407306400872,-91.85053982728813,122.55055668729467, -0.7324075478204606,-30.70207194388945,0.6297577130455893
2024-08-19 05:54:46,-0.23826868265618653,-92.72730667237447,122.64780568845842, -0.47767754000587803,-29.92135986792162,0.41401069451444533
2024-08-19 05:54:46,0.07487131341965078,-93.28405855440168,122.40923587084824, 0.15382824818148433,-29.125265115738635,-0.13437792468884519
2024-08-19 05:54:47,-0.23826868265618653,-92.72730667237447,122.64780568845842, -0.47767754000587803,-29.92135986792162,0.41401069451444533
2024-08-19 05:54:47,0.4587735972489395,-93.56389629608084,121.72451384728217, 0.9720189803970333,-28.164048480037295,-0.8569500448088414
2024-08-19 05:54:47,0.884250248832772,-93.65027075585212,120.95733169135276, 1.9269091529108027,-27.32027372770631,-1.712107801859201
2024-08-19 05:54:47,1.406309696421848,-93.69020242318763,120.20740775345391, 3.1473291155192578,-26.551772377464587,-2.8159485600320835
2024-08-19 05:54:47,1.8479425472592408,-93.82668309825783,119.72151691936156, 4.225198217008419,-25.956146834414454,-3.800318140631715
2024-08-19 05:54:47,1.6447877477744581,-93.84676090794812,120.39219555060309, 3.676335345618674,-26.592649762375512,-3.2883257094122436
2024-08-19 05:54:47,1.3790134506439564,-93.53060503183103,120.93515501699727, 2.9939455756082345,-27.43654051928576,-2.6577050562014564
2024-08-19 05:54:47,1.286055713970441,-93.0766536590293,121.22821806693553, 2.724220252545294,-28.178524220916298,-2.4017505229616507
2024-08-19 05:54:47,1.6447877477744581,-93.84676090794812,120.39219555060309, 3.676335345618674,-26.592649762375512,-3.288325709412243
2024-08-19 05:54:47,1.029534972812227,-92.33594598838484,121.73075687284877, 2.096849973324045,-29.41122539199298,-1.8267995922778881
2024-08-19 05:54:47,0.7996842473162984,-91.94123421213729,122.05301681718728, 1.5936775486658854,-30.12140361385158,-1.3785632530214793
2024-08-19 05:54:47,0.6325935394439126,-91.56941126202226,122.2931978840559, 1.2380524062166707,-30.729662002118342,-1.0642580509593813
2024-08-19 05:54:47,0.7996842473162984,-91.94123421213729,122.05301681718728, 1.5936775486658854,-30.12140361385158,-1.3785632530214793
2024-08-19 05:54:47,0.5762969952745387,-91.04897571674655,122.39915043424466, 1.1075936917910085,-31.35493179339371,-0.9458729995265369
2024-08-19 05:54:47,0.6325935394439126,-91.56941126202226,122.2931978840559, 1.2380524062166707,-30.729662002118342,-1.0642580509593813
2024-08-19 05:54:47,0.5762969952745388,-91.04897571674655,122.39915043424466, 1.1075936917910085,-31.35493179339371,-0.9458729995265369
2024-08-19 05:54:47,0.5598301980397533,-89.92689688530555,122.39178655407628, 1.0428544095088372,-32.469188308781064,-0.879863685874031
2024-08-19 05:54:47,0.6059232614615978,-89.1710603436995,122.46295211341605, 1.1037819000382922,-33.29677042530099,-0.9226175903019235
2024-08-19 05:54:47,0.5713626795476787,-88.49122373007356,122.67444644824602, 1.0168739102678124,-34.187417069126695,-0.8411900462070581
2024-08-19 05:54:47,-0.18180445006992585,-87.5521317603525,123.49458275197392, -0.30973057784581237,-35.9428488335311,0.2507596136231591
2024-08-19 05:54:47,0.6059232614615978,-89.1710603436995,122.46295211341607, 1.1037819000382922,-33.29677042530099,-0.9226175903019234
2024-08-19 05:54:47,-0.18180445006992585,-87.5521317603525,123.49458275197392, -0.3097305778458125,-35.9428488335311,0.250759613623159
2024-08-19 05:54:47,-0.8430639861676876,-86.64586128751745,124.2214337889549, -1.3823403012957813,-37.58363286781099,1.095533862908541
2024-08-19 05:54:47,-1.134347374289233,-85.91783484264766,124.45959655041374, -1.8201595675386932,-38.555854707748104,1.4235524844154213
2024-08-19 05:54:47,-1.2865951766161237,-85.17038709571547,124.38913655319556, -2.0343279289105003,-39.236445413681395,1.575937958922187
2024-08-19 05:54:48,-1.5002295856794126,-84.9530777597887,124.77033581085307, -2.3420903057090516,-39.840810284417906,1.7987322416148945
2024-08-19 05:54:48,-1.2532323776333003,-85.3146987010834,124.35961900616707, -1.9889983891825094,-39.061814949393785,1.5446370855213503
2024-08-19 05:54:48,-0.8052935443945279,-86.19556444946716,123.47391535432229, -1.3294011614782217,-37.28578474975385,1.0577728651571268
2024-08-19 05:54:48,-0.5404885806574686,-86.79300121328612,123.00544602918472, -0.9148208011199315,-36.215926231186906,0.7380957609044727
2024-08-19 05:54:48,-0.8052935443945279,-86.19556444946716,123.47391535432229, -1.3294011614782217,-37.28578474975385,1.0577728651571268
2024-08-19 05:54:48,-0.2984971994614952,-87.30475584903665,122.57118128929424, -0.516976985415156,-35.26752496063707,0.4220974262847579
2024-08-19 05:54:48,-0.5404885806574687,-86.7930012132861,123.00544602918474, -0.9148208011199314,-36.215926231186906,0.7380957609044726
2024-08-19 05:54:48,-0.3288481780952788,-87.7164781098703,122.31031065704644, -0.5791943844579713,-34.595200819381596,0.4767887445721214
2024-08-19 05:54:48,-0.2525592693640524,-86.19230605840012,122.26078887466394, -0.4289688485308131,-36.06924703396118,0.34674034545853105
2024-08-19 05:54:48,-0.34191766517118793,-85.92890712301507,122.68604384530647, -0.571351018879861,-36.758502571160484,0.4577518808099516
2024-08-19 05:54:48,-0.2525592693640524,-86.19230605840012,122.26078887466393, -0.42896884853081313,-36.06924703396118,0.346740345458531
2024-08-19 05:54:48,-0.34191766517118793,-85.92890712301507,122.68604384530647, -0.571351018879861,-36.758502571160484,0.4577518808099516
2024-08-19 05:54:49,-0.42303248081216066,-86.59611569735216,122.4943331903672, -0.7214460004099161,-35.900374958383836,0.5844091527312565
2024-08-19 05:54:49,-0.4095210982511875,-86.93603819468694,122.12773747471324, -0.710562521332411,-35.19377453407335,0.5806869285253838
2024-08-19 05:54:49,-0.3230817112505436,-87.15570407587305,121.71660524818246, -0.5695131362688257,-34.562223505368586,0.46900506568134803
2024-08-19 05:54:49,-0.8831028479263068,-87.05224440429653,121.61769080918333, -1.556287805303744,-34.57532307244373,1.2815190783109207
2024-08-19 05:54:49,-0.3230817112505435,-87.15570407587305,121.71660524818246, -0.5695131362688257,-34.562223505368586,0.46900506568134803
2024-08-19 05:54:49,-0.8831028479263068,-87.05224440429653,121.61769080918333, -1.556287805303744,-34.57532307244373,1.2815190783109207
2024-08-19 05:54:49,-1.0764753121184667,-86.7916760324424,120.94947019999084, -1.9167412816908516,-34.172694465903675,1.5859993806418244
2024-08-19 05:54:49,-0.905805132639879,-87.0181971108509,120.55413860673922, -1.639274265812134,-33.5467426821874,1.3663428272842735
2024-08-19 05:54:49,-0.8286102744354311,-88.33036618036073,120.48601823922837, -1.556616377495574,-32.16518159753598,1.3177938509721225
2024-08-19 05:54:49,-0.8498487695118202,-87.73733183988932,120.47906761744983, -1.5710328770097364,-32.751536137171,1.321374066155299
2024-08-19 05:54:49,-0.8286102744354312,-88.33036618036073,120.48601823922837, -1.5566163774955737,-32.165181597535984,1.3177938509721225
2024-08-19 05:54:49,-0.9453289995745507,-89.31395185109824,120.6911447008211, -1.815158915654817,-31.389977724526293,1.5496363725520053
2024-08-19 05:54:49,-1.2497040921127447,-91.11647804474813,120.79412795330256, -2.5228125941448916,-29.701555939280706,2.1917082190244006
2024-08-19 05:54:49,-1.4023637276280245,-92.00905901692106,120.81145124971299, -2.9088146121457794,-28.833589761382594,2.5487008069160835
2024-08-19 05:54:49,-1.2847438780338096,-93.38825806231017,120.36779483610677, -2.830047667584926,-27.007816128390658,2.521838417577584
2024-08-19 05:54:49,-0.9606015076784432,-92.65043701627471,120.05191409639244, -2.0865264983819953,-27.417006636954927,1.852338814966804
2024-08-19 05:54:50,-1.2225530062065575,-92.03746266066702,120.83347895683804, -2.536761300542863,-28.819735789286653,2.2228972194793006
2024-08-19 05:54:50,-1.065178713508887,-92.23907739449982,120.38156348125183, -2.257424654753861,-28.16099041115297,1.9904313241110994
2024-08-19 05:54:50,-1.2225530062065575,-92.03746266066702,120.83347895683804, -2.5367613005428624,-28.819735789286653,2.2228972194793006
2024-08-19 05:54:50,-1.5442765730083172,-91.29657509708551,121.76137266357122, -3.0437283659434127,-30.500157007807275,2.623196297402407
2024-08-19 05:54:50,-1.6556185020955918,-90.99632208641117,122.08249505133536, -3.2040815667746334,-31.125822350109463,2.7435672954909047
2024-08-19 05:54:50,-1.6574827851578002,-90.56831912340542,122.32162007877736, -3.1472433784833767,-31.79201412856918,2.675796961108886
2024-08-19 05:54:50,-1.8632524470162435,-90.133856657617,122.78187436964923, -3.4508542693369058,-32.69526891722779,2.9051095209765703
2024-08-19 05:54:50,-1.9640992958127463,-89.74808481574144,123.12541399112759, -3.56689761229395,-33.42838876791185,2.9780106270626363
2024-08-19 05:54:50,-1.9085626670155595,-89.12753625463466,123.31175465708787, -3.3941730764060507,-34.23098800016987,2.8072611068792077
2024-08-19 05:54:50,-1.7232576026551805,-88.44844259276923,123.43273363029434, -3.003736691127654,-35.02130293407597,2.460618489290075
2024-08-19 05:54:50,-1.685336843831164,-87.78876310286928,123.37565540818288, -2.8944523377202245,-35.62151379444916,2.3535275326565332
2024-08-19 05:54:50,-1.7166887024304205,-87.18672896728869,123.51301230769437, -2.896335923757216,-36.36124285349141,2.3331032601501205
2024-08-19 05:54:50,-1.981188035618847,-86.3539230082712,124.02574953243854, -3.239637728309204,-37.7161631768072,2.563740767957764
2024-08-19 05:54:50,-2.132389466053723,-85.94269911128771,124.3006585914953, -3.4336354407346565,-38.40806625835779,2.691860674013969
2024-08-19 05:54:50,-1.981188035618847,-86.3539230082712,124.02574953243852, -3.239637728309204,-37.7161631768072,2.563740767957764
2024-08-19 05:54:50,-2.132389466053723,-85.94269911128771,124.3006585914953, -3.4336354407346565,-38.40806625835779,2.691860674013969
2024-08-19 05:54:50,-2.0999075080127114,-86.21450072637565,123.79737663842113, -3.440390283650284,-37.632841671933214,2.725802878231094
2024-08-19 05:54:50,-2.010624028146728,-86.73413589216348,123.41207658530637, -3.3636083558015004,-36.72527726133153,2.6970796848757157
2024-08-19 05:54:50,-1.833549440155179,-87.42255142392881,122.72424216856193, -3.1707230602547396,-35.34309923312527,2.587250798128319
2024-08-19 05:54:50,-1.5915390246191443,-87.71682677718778,122.26450300770564, -2.804971754250061,-34.57976619254661,2.310030901756075
2024-08-19 05:54:50,-1.833549440155179,-87.42255142392881,122.72424216856193, -3.1707230602547396,-35.343099233125265,2.587250798128319
2024-08-19 05:54:50,-0.863803425358245,-88.82478702453383,120.82239039884699, -1.6298589717557759,-32.00802311697445,1.3821825710885376
2024-08-19 05:54:50,-0.6765811948152399,-89.20851664864726,120.3635247947216, -1.307602997692262,-31.16161522377183,1.1189824341779866
2024-08-19 05:54:50,-1.591539024619144,-87.71682677718779,122.26450300770566, -2.804971754250061,-34.5797661925466,2.310030901756075
2024-08-19 05:54:50,-1.3396435556652186,-88.08585150300517,121.82233515572436, -2.411161678123056,-33.75992606638534,2.004940991915222
2024-08-19 05:54:51,-0.4162475743596066,-91.21840455325635,119.37450372769001, -0.8820592230004638,-28.158924089034326,0.7776741410499348
2024-08-19 05:54:51,-0.3293671936889487,-91.57567203188978,119.10453414345379, -0.712585751027968,-27.53067839248278,0.6319019724002758
2024-08-19 05:54:51,-0.016178539223287658,-91.78574006353347,118.65282526771351, -0.035799376900003343,-26.867089712917032,0.03193509483521195
2024-08-19 05:54:51,0.2787076941176678,-92.06307930665348,118.3552119036748, 0.6291904092545658,-26.29350459750344,-0.5640967134759527
2024-08-19 05:54:51,0.36072602221805633,-91.91464357311901,118.81909375824023, 0.7971366752229844,-26.906687931804818,-0.7108518076444273
2024-08-19 05:54:51,0.20247441398460359,-91.59173141323154,119.20954367464283, 0.4367639663424458,-27.618496060333772,-0.3869980586701208
2024-08-19 05:54:51,0.36072602221805633,-91.91464357311901,118.81909375824023, 0.7971366752229844,-26.906687931804818,-0.7108518076444273
2024-08-19 05:54:51,0.20247441398460359,-91.59173141323154,119.20954367464283, 0.4367639663424458,-27.618496060333772,-0.3869980586701208
2024-08-19 05:54:51,-0.11356859871715647,-90.95371709386345,120.11538436838669, -0.23306756122573608,-29.16186898363744,0.20352571269940223
2024-08-19 05:54:51,-0.4906796856190356,-90.44858804353007,121.10890604144527, -0.9621495756810879,-30.663862010335272,0.8276363925846701
2024-08-19 05:54:51,-0.7238013380540996,-90.29224829168342,121.78651425272837, -1.3852995043310834,-31.50172722591772,1.1812030150189585
2024-08-19 05:54:51,-1.3449663055365764,-89.82918149675217,122.97611337176761, -2.458700000825539,-33.17109522842283,2.058409501987083
2024-08-19 05:54:51,-1.6220455766402697,-89.49698043552603,123.41083507555254, -2.9054580077795746,-33.947987608030125,2.4108520061353027
2024-08-19 05:54:51,-2.1938838137546792,-88.14596327765253,124.35285349196928, -3.710643331842567,-36.26421862857208,2.9933472856856493
2024-08-19 05:54:51,-2.2765771129743944,-87.70807747200091,124.60944909415004, -3.787986657817962,-36.96155730100228,3.0283439718810152
2024-08-19 05:54:51,-2.3803974010253697,-86.66030153872902,125.07788445909017, -3.827275992584534,-38.479879448917195,2.997819524980219
2024-08-19 05:54:51,-2.529786300090151,-86.17580957303059,125.29127922342869, -4.005966235350099,-39.18409219531233,3.107124462191417
2024-08-19 05:54:51,-2.685945769996466,-85.60353139892315,125.48104622362452, -4.184886044244341,-39.952797274665016,3.2103767830239986
2024-08-19 05:54:51,-2.529786300090151,-86.17580957303059,125.29127922342869, -4.005966235350099,-39.18409219531233,3.107124462191417
2024-08-19 05:54:51,-2.685945769996466,-85.60353139892315,125.48104622362452, -4.184886044244341,-39.952797274665016,3.2103767830239986
2024-08-19 05:54:51,-2.85359625611925,-84.8652220330055,125.18012904258771, -4.405532481381909,-40.398566036224366,3.357831310740442
2024-08-19 05:54:52,-2.8964286155736585,-84.0781818433173,124.85378989595428, -4.4298385682803305,-40.860405396311315,3.3531705500198075
2024-08-19 05:54:52,-3.0199729008264664,-84.65608615414659,124.75718691164266, -4.682287181311093,-40.19549796117866,3.579867330125696
2024-08-19 05:54:52,-2.907644481492608,-86.08907310433483,124.53005739955856, -4.670510136741978,-38.53381831443659,3.656603853940962
2024-08-19 05:54:52,-3.0091846188907163,-85.4564120462294,124.75827115261491, -4.744299332693555,-39.39827681740201,3.66954639643676
2024-08-19 05:54:52,-2.6726894110317074,-87.40204430870011,124.19313993284267, -4.456898699556283,-36.87435394775052,3.567900550124045
2024-08-19 05:54:52,-2.5243289324999028,-87.96211061848584,123.998264991797, -4.285686887351237,-36.11250881997028,3.464483298152037
2024-08-19 05:54:52,-2.3428111858789022,-88.41464552150339,123.82115308267863, -4.039245940989732,-35.47382608682573,3.291319324311453
2024-08-19 05:54:52,-2.0836151955732274,-89.03804458971824,123.63322657116915, -3.66639936456236,-34.650067049631396,3.017457019881711
2024-08-19 05:54:52,-1.8428961147992517,-89.58783678417097,123.56177867460529, -3.2953590156688124,-34.017896379456936,2.7323433342492605
2024-08-19 05:54:52,-1.639925105906421,-90.25424009496871,123.7120407990698, -2.9726710758747723,-33.493296305883376,2.4797375742500924
2024-08-19 05:54:52,-1.3814327446285963,-90.90875090344443,123.73351268670102, -2.547247430434054,-32.85056826752042,2.140327272775654
2024-08-19 05:54:52,-1.0593192424462876,-91.24591689416667,123.50113647109579, -1.9843228378692381,-32.2707331162669,1.678004982765791
2024-08-19 05:54:52,-1.3814327446285963,-90.90875090344443,123.73351268670102, -2.547247430434054,-32.85056826752042,2.140327272775654
2024-08-19 05:54:52,-0.7471990429886582,-91.59569065552694,123.20183191630223, -1.4255289450715072,-31.614057912765837,1.214046919491032
2024-08-19 05:54:52,-0.4997882462451533,-92.0028183827287,123.03114873706645, -0.9695251421380477,-31.031953900811516,0.83078770840517
2024-08-19 05:54:52,-0.2737337426208187,-92.73822155280901,123.67996264444598, -0.5323724705939551,-30.942831837052037,0.4566091018411294
2024-08-19 05:54:52,-0.2278797959200488,-93.20017297036541,124.4016501248239, -0.43987440048969295,-31.202225370799333,0.376245974397239
2024-08-19 05:54:52,-0.18009905370658316,-93.5734860444484,125.09258810790003, -0.3444977078811206,-31.519563617705536,0.2936720715890737
2024-08-19 05:54:52,-0.2278797959200488,-93.20017297036541,124.4016501248239, -0.43987440048969295,-31.202225370799333,0.376245974397239
2024-08-19 05:54:52,-0.18009905370658316,-93.5734860444484,125.09258810790003, -0.3444977078811206,-31.519563617705536,0.2936720715890737
2024-08-19 05:54:52,-0.139616184044551,-93.88665511432092,126.52200230477385, -0.25888743255191515,-32.635612815069614,0.21801403156957055
2024-08-19 05:54:52,-0.08207509763148979,-93.84618146942047,125.90098006819281, -0.15464537088197267,-32.054892475183244,0.13106822969114124
2024-08-19 05:54:52,-0.139616184044551,-93.88665511432093,126.52200230477385, -0.25888743255191515,-32.635612815069614,0.21801403156957058
2024-08-19 05:54:53,-0.3221652198404035,-93.85070992899038,127.89799672847678, -0.5754082173073336,-34.04862720338492,0.4767668017203398
2024-08-19 05:54:53,-0.4573210554914818,-93.62107486990857,128.37453947070068, -0.8022168827126868,-34.75609504970824,0.6591043958392028
2024-08-19 05:54:53,-0.8459823658085064,-92.82321756557965,129.09843983669634, -1.4296414945618146,-36.283731238868214,1.152512546748711
2024-08-19 05:54:53,-1.1630963294390269,-92.24770102096691,129.3879234827322, -1.9259358576197976,-37.15580583939153,1.5351741296686958
2024-08-19 05:54:53,-1.4820962974381156,-91.66130161222617,129.69136528407145, -2.4048316463082666,-38.05456433417119,1.89404489065385
2024-08-19 05:54:53,-1.7259160217323153,-90.93153035239453,129.79232954324033, -2.7494885106694675,-38.893046355386545,2.1406277451032394
2024-08-19 05:54:53,-2.4340538347131755,-89.53992459560448,129.67103039826804, -3.7732363398595803,-40.1923882584648,2.884042236226013
2024-08-19 05:54:53,-2.7516229144393076,-88.73645201027716,129.3729902166658, -4.220687106618696,-40.71345276162637,3.2016643338723747
2024-08-19 05:54:53,-2.90826917286431,-86.98134880323943,127.86055308489198, -4.43864502072417,-40.96438423884382,3.3545802120499837
2024-08-19 05:54:53,-2.876598571488554,-86.14761701231959,126.91183723692016, -4.400588961893683,-40.84789521742524,3.3316202818430463
2024-08-19 05:54:53,-3.008914865185952,-84.49350878525001,125.24310125907836, -4.603874977507274,-40.841180279027924,3.4861545226819244
2024-08-19 05:54:53,-2.95859814852316,-85.18962228664671,125.91290157471344, -4.5294762144889,-40.811915070632445,3.431227228844253
2024-08-19 05:54:53,-3.132396543125083,-83.62227226428223,124.28189273527586, -4.801031543632462,-40.75918530664202,3.640220328632864
2024-08-19 05:54:53,-3.084749365761459,-82.43451858000194,122.76173325717392, -4.760281471941056,-40.42491609657594,3.627301983608391
2024-08-19 05:54:53,-2.986431996527288,-81.611583558815,121.69159224984145, -4.632433548631969,-40.17239205197552,3.5428853572148498
2024-08-19 05:54:53,-2.8135467784748736,-80.95149751925442,120.68005986718799, -4.396894493445025,-39.81159682576072,3.3802105354580743
2024-08-19 05:54:53,-2.443634413867861,-80.5910463872874,119.07542793932492, -3.9230113412532095,-38.549872280054046,3.069916101121974
2024-08-19 05:54:53,-2.6083970661264697,-80.63074973621761,119.7342327159012, -4.131251924835208,-39.176463557339126,3.204778474831477
2024-08-19 05:54:53,-2.2389773766263925,-80.62272452183387,118.57447118236803, -3.6375867984528876,-38.00779510181265,2.867613102442567
2024-08-19 05:54:53,-2.4436344138678607,-80.5910463872874,119.07542793932492, -3.9230113412532095,-38.54987228005404,3.0699161011219744
2024-08-19 05:54:53,-2.1442902949913973,-80.63113528123904,117.94120914420972, -3.5348450488601566,-37.36268834716568,2.810842985764092
2024-08-19 05:54:53,-1.9769812073105932,-80.6465797175667,117.29765618964787, -3.309486912994842,-36.69688794361451,2.6546273286816513
2024-08-19 05:54:53,-1.7938864783071375,-80.75326819882412,116.80582218946684, -3.0462180078182826,-36.09111093857514,2.462396612675137
2024-08-19 05:54:53,-1.3340167502868807,-81.5599322429087,116.28401298616298, -2.3410406140540125,-34.74648137505973,1.9239385140860041
2024-08-19 05:54:53,-1.1784125679563329,-82.20270409770399,116.32784742366705, -2.0999039731660267,-34.14302034343788,1.73820786327996
2024-08-19 05:54:53,-0.9769236815776706,-82.97327929180422,116.48871166021259, -1.76888068717079,-33.528005664693794,1.4747100628374656
2024-08-19 05:54:54,-0.9417578683785898,-84.93466326719539,117.37702170120181, -1.7551431934163029,-32.45453208433638,1.4811540518180049
2024-08-19 05:54:54,-0.8459467988719291,-85.87407604840705,117.90853253313534, -1.594538730069602,-32.044435666287455,1.3516880348805695
2024-08-19 05:54:54,-0.7865010163184654,-86.68130358416997,118.47746349637167, -1.492454470149877,-31.804866356224725,1.2684390247463164
2024-08-19 05:54:54,-0.7726459264725679,-87.37890075757072,119.06780997857118, -1.4706127086722074,-31.697346879607412,1.2513252696256012
2024-08-19 05:54:54,-0.7865010163184654,-86.68130358416997,118.47746349637167, -1.492454470149877,-31.804866356224725,1.2684390247463164
2024-08-19 05:54:54,-0.7726459264725679,-87.37890075757072,119.06780997857118, -1.4706127086722074,-31.697346879607412,1.2513252696256012
2024-08-19 05:54:54,-0.7397811805802582,-88.03992883231352,119.69817454914036, -1.4092997941857586,-31.665990198080184,1.1995539501135117
2024-08-19 05:54:54,-0.761360760212212,-88.68174635015318,120.46409437361638, -1.4453253046196064,-31.79051122925811,1.2285698490117527
2024-08-19 05:54:54,-0.5974463233264911,-89.50556076246573,121.97529321906703, -1.1127659659938298,-32.474627213718264,0.9387959999253739
2024-08-19 05:54:54,-0.6772338811954711,-89.89199280620063,122.82446938944862, -1.245577814624832,-32.93865514310936,1.0454038738737514
2024-08-19 05:54:54,-0.7761300635704662,-89.90431675303532,123.48637263524685, -1.4029639928682727,-33.5899723435871,1.168765864139524
2024-08-19 05:54:54,-0.9419216764129038,-89.80784481126817,124.10765502718779, -1.671163149702534,-34.31115836289136,1.3804859727909
2024-08-19 05:54:54,-1.0552279161110723,-89.46154034255746,124.50305708428863, -1.8374100376928644,-35.05537014264007,1.504269109672236
2024-08-19 05:54:54,-1.4089990142973972,-88.29182771404896,124.63102622160397, -2.3769138615381578,-36.362741844499254,1.914466037126116
2024-08-19 05:54:54,-1.2478189909664745,-88.98300083991492,124.62198396082451, -2.140873015014285,-35.65793004641582,1.7397596424087158
2024-08-19 05:54:54,-1.66613234055454,-87.5741642120613,124.68276444518258, -2.760212479093818,-37.14060755104533,2.20094107016925
2024-08-19 05:54:54,-1.9965540008160794,-86.80375391691753,124.60156107203458, -3.2554872162345823,-37.842629918645514,2.5718956132751885
2024-08-19 05:54:54,-2.083097602346494,-86.034970002171,124.14042664855263, -3.3731504676777897,-38.15371016403106,2.6536676349195925
2024-08-19 05:54:54,-2.1604628019308127,-85.22557991027314,123.76042889746115, -3.465303327460958,-38.585958188635544,2.710020152335908
2024-08-19 05:54:54,-2.421461124456458,-84.50428378021411,123.4801494416186, -3.8462483298200323,-39.03905543422478,2.9892262825127514
2024-08-19 05:54:54,-2.567258703018733,-83.77568594607617,122.81403241156414, -4.071907392400091,-39.109209473651774,3.1616933127106464
2024-08-19 05:54:54,-2.3521036366875103,-83.46616155965427,122.063812545092, -3.767000213371209,-38.65808599742369,2.943257861452372
2024-08-19 05:54:54,-2.111808060162741,-83.34624630118098,121.50503880645107, -3.4155303115487596,-38.208289563807845,2.685028766521397
2024-08-19 05:54:55,-1.8466352792813747,-83.993367861243,121.81708864161965, -3.0095776091611857,-37.8620324899701,2.3768575978307296
2024-08-19 05:54:55,-1.6289712641964227,-84.19339144177452,122.43019004763994, -2.630846419525883,-38.26617496311886,2.066145175953063
2024-08-19 05:54:55,-1.5485786312138252,-83.70408085208241,122.57112689785193, -2.4668696988866063,-38.89300324428476,1.9204813292259846
2024-08-19 05:54:55,-1.5427145167722829,-83.42906939948178,122.9597584317159, -2.422919518178096,-39.55584832243355,1.868532779185865
2024-08-19 05:54:55,-1.6153082220558899,-83.59513392830624,123.59057982102148, -2.5122663627136723,-40.02257674653284,1.9243811682187784
2024-08-19 05:54:55,-1.6608295577689416,-83.9230920359714,124.29136248336705, -2.5632104277722654,-40.39657554531456,1.9526292278311395
2024-08-19 05:54:55,-1.4598856393190325,-84.57296524626364,124.15474045597087, -2.2904459046380534,-39.60426531339997,1.7650922527621018
2024-08-19 05:54:55,-1.2359175710875854,-85.12669866708696,123.87305112458574, -1.974231890004803,-38.762959672459104,1.53963209959844
2024-08-19 05:54:55,-1.4598856393190325,-84.57296524626364,124.15474045597087, -2.2904459046380534,-39.60426531339997,1.7650922527621018
2024-08-19 05:54:55,-1.2359175710875854,-85.12669866708696,123.87305112458574, -1.974231890004803,-38.762959672459104,1.53963209959844
2024-08-19 05:54:55,-0.613559451640934,-85.99666363795227,122.75064873244315, -1.0252967560197757,-36.75838359297372,0.8214645653339209
2024-08-19 05:54:55,-0.4032178693553522,-86.43343319453376,122.42401502823972, -0.6861289892582488,-35.992535291439395,0.5551517158905902
2024-08-19 05:54:56,-0.4562077936164335,-86.94163776859536,122.28842294029052, -0.7885390171751185,-35.34934580624288,0.6431772484714096
2024-08-19 05:54:56,-0.2477199272789492,-87.31297857499544,122.05543213556507, -0.43467573318290453,-34.743225706449415,0.3571815023039573
2024-08-19 05:54:56,0.04037411802560931,-87.81691113374418,121.78553151612125, 0.0722593547486362,-33.96864149679307,-0.05992783607613483
2024-08-19 05:54:56,0.2504815177670022,-88.21608295956753,121.58236038278982, 0.45542312933582746,-33.367108832414914,-0.38035530447247323
2024-08-19 05:54:56,0.04037411802560931,-87.81691113374418,121.78553151612125, 0.07225935474863626,-33.96864149679307,-0.05992783607613483
2024-08-19 05:54:56,0.2504815177670022,-88.21608295956753,121.58236038278982, 0.45542312933582746,-33.367108832414914,-0.38035530447247323
2024-08-19 05:54:56,0.604837400873234,-89.2590957353076,121.21366414158537, 1.1427179816322686,-31.959686012662786,-0.9695416558981753
2024-08-19 05:54:56,0.47107737006367345,-88.77905945996582,121.41507933814397, 0.8734493418514023,-32.63904366726781,-0.7355352166813647
2024-08-19 05:54:56,0.604837400873234,-89.25909573530761,121.21366414158537, 1.1427179816322686,-31.95968601266279,-0.9695416558981753
2024-08-19 05:54:56,0.9886086693525606,-89.2749378124212,121.61748054517284, 1.847479241397557,-32.356009230866604,-1.5607928166687128
2024-08-19 05:54:56,0.9725694179929516,-88.98048042272204,121.98821365314313, 1.7849365510887871,-33.020437753540946,-1.4967706585362845
2024-08-19 05:54:56,0.8385243180112362,-88.77665501632843,122.46562803334152, 1.5114717516071523,-33.69817598399287,-1.2575916436930075
2024-08-19 05:54:56,0.74262220891312,-88.54459961090531,122.90999903148773, 1.3154554151176816,-34.372436484750565,-1.0858182295119694
2024-08-19 05:54:56,0.5032339240868836,-88.41455715279314,123.32638724505667, 0.879248636484565,-34.91499647667422,-0.7210042649528908
2024-08-19 05:54:57,0.9534162736108857,-88.48218612817512,122.8801421892049, 1.6873167512634892,-34.40954015839379,-1.3921975917735827
2024-08-19 05:55:21,0.5026075369835,-88.27631539019087,123.34631877269747, 0.87469829466961,-35.073143385111024,-0.7158882009881556
2024-08-19 05:55:21,0.25606540888679613,-88.65191253697317,124.2301690668295, 0.4401095862619336,-35.57905640484916,-0.3579494480410986
2024-08-19 05:55:21,0.9636571991761603,-90.12836745846799,124.08973447068996, 1.7246665304986628,-33.97339682828818,-1.4303958828640608
2024-08-19 05:55:21,1.4880805046412058,-91.45232946913399,123.5479657693196, 2.7990506022941988,-32.12643190914809,-2.3709839469799268
2024-08-19 05:55:22,1.790649934662358,-92.49452656638726,123.334943423395, 3.4897538290816366,-30.887244964886143,-2.9958099644884464
2024-08-19 05:55:22,2.043894377709657,-93.02679839703151,123.28555637086083, 4.051059691530212,-30.321182570005167,-3.498395857143522
2024-08-19 05:55:22,2.5673836740744704,-93.89545758477323,123.14142737030068, 5.243832624429336,-29.348517434277678,-4.573874864772967
2024-08-19 05:55:22,2.6090071682598013,-94.73164249065277,123.16179272088908, 5.467242152353658,-28.539660887103903,-4.8062244954625335
2024-08-19 05:55:22,2.7707701145487995,-96.43546441299995,123.56655829630137, 6.057943185231957,-27.26152528072898,-5.38926399262713
2024-08-19 05:55:22,2.6403390193820284,-95.7341766510273,123.45645272418963, 5.661399170576978,-27.83780178866036,-5.009773246198687
2024-08-19 05:55:22,2.7707701145487995,-96.43546441299995,123.56655829630137, 6.057943185231957,-27.26152528072898,-5.38926399262713
2024-08-19 05:55:22,2.433482577654285,-96.58193665367709,124.26063341250043, 5.227384528077342,-27.777041744629624,-4.627806873957254
2024-08-19 05:55:22,2.121122718456473,-96.54665428511512,124.92865699787443, 4.455291660691483,-28.454578551111364,-3.9188622011528667
2024-08-19 05:55:22,2.433482577654285,-96.58193665367709,124.26063341250043, 5.227384528077342,-27.777041744629624,-4.627806873957254
2024-08-19 05:55:22,1.7994010079139482,-96.48042762160543,125.48243667912922, 3.707365250108835,-29.05293414113049,-3.2419391545101517
2024-08-19 05:55:22,1.4785183545162952,-96.31918781046222,125.85284356252262, 2.9973488200880456,-29.56730804104835,-2.6076029184182787
2024-08-19 05:55:22,0.9937238902260774,-95.8458197864047,126.40408215995996, 1.953993599258482,-30.572854430557378,-1.6825242010406307
2024-08-19 05:55:22,0.7540730044258996,-95.39317442190217,126.66491654719323, 1.4524339025970354,-31.279911506546643,-1.2413811359709572
2024-08-19 05:55:22,0.3104606789855089,-94.55691804502997,127.19810321179824, 0.5755783538349332,-32.64249829010827,-0.4846719583813315
2024-08-19 05:55:22,0.04337320645523113,-94.05226046094894,127.5197282215191, 0.07865106893819807,-33.46749259437485,-0.06561064265196159
2024-08-19 05:55:22,0.31046067898550883,-94.55691804502997,127.19810321179823, 0.5755783538349333,-32.64249829010827,-0.4846719583813315
2024-08-19 05:55:22,-0.9613831003249131,-92.87851781322667,128.50385711559716, -1.650191123490098,-35.636592981914085,1.3412837600046954
2024-08-19 05:55:22,-2.148020648995171,-91.45445468291955,129.6282326665126, -3.4728577660238953,-38.22495841394309,2.7295127135281665
2024-08-19 05:55:22,-1.5933153296937346,-92.15022138900207,129.1132914541463, -2.6485788123401637,-36.992496849662174,2.116003383617896
2024-08-19 05:55:22,-2.148020648995171,-91.45445468291953,129.62823266651253, -3.4728577660238953,-38.2249584139431,2.7295127135281665
2024-08-19 05:55:22,-2.382866482218348,-90.62407287174616,129.7599156649866, -3.7720882603251384,-39.19668815376545,2.924983973055514
2024-08-19 05:55:22,-2.6922236986686463,-89.8501287420589,129.87179424920762, -4.182111082370426,-40.096914964686555,3.2014888120422733
2024-08-19 05:55:22,-2.9439453326430036,-89.12706961751266,129.8114641286155, -4.510639079215188,-40.77227581986655,3.4189679580980608
2024-08-19 05:55:22,-2.6922236986686463,-89.8501287420589,129.87179424920762, -4.182111082370426,-40.096914964686555,3.2014888120422733
2024-08-19 05:55:23,-2.958434970413179,-88.15714100542064,129.14066084622513, -4.505599174610648,-41.07133741346435,3.3997592058225745
2024-08-19 05:55:23,-3.0198422438050514,-87.30873370573958,128.21118435660503, -4.606368710068449,-40.994208864508586,3.4800006253723534
2024-08-19 05:55:23,-2.9486381071087635,-86.29941600003218,126.54465802031092, -4.558418461240864,-40.334780150984194,3.4778434195329737
2024-08-19 05:55:23,-2.988531037768025,-86.79146330271058,127.3975641524906, -4.586049498764322,-40.696911423293486,3.4801610035590858
2024-08-19 05:55:23,-2.865761912388902,-85.96100456806718,125.64097410397841, -4.482857480794099,-39.766259650098505,3.448672462775689
2024-08-19 05:55:23,-2.7377564883561387,-85.41885933670588,124.51938388882337, -4.3359502017009,-39.18092401298685,3.3635944152907813
2024-08-19 05:55:23,-2.865761912388902,-85.96100456806718,125.64097410397841, -4.482857480794099,-39.766259650098505,3.448672462775689
2024-08-19 05:55:23,-2.7377564883561387,-85.41885933670588,124.51938388882337, -4.3359502017009,-39.18092401298685,3.3635944152907813
2024-08-19 05:55:23,-2.5950785231473805,-84.98304252569622,123.44996951609451, -4.167222217819958,-38.540824758998085,3.261684502418553
2024-08-19 05:55:23,-2.337432545079548,-84.43326402654272,121.43741644311656, -3.879813130153215,-37.06735979441458,3.0975286078315447
2024-08-19 05:55:23,-2.243661618159833,-84.32992403385268,120.69859384828781, -3.7801547169593444,-36.428273693325316,3.0430719668302557
2024-08-19 05:55:23,-2.107245060574326,-84.32848176332988,120.04142063853226, -3.6068552866281074,-35.76679894987113,2.927932659303955
2024-08-19 05:55:23,-2.243661618159833,-84.32992403385268,120.69859384828781, -3.7801547169593444,-36.428273693325316,3.0430719668302557
2024-08-19 05:55:23,-2.107245060574326,-84.32848176332988,120.04142063853226, -3.6068552866281074,-35.76679894987113,2.927932659303955
2024-08-19 05:55:23,-1.9706708536454638,-84.40537885865074,119.47850549258071, -3.4267726866118156,-35.12136210680442,2.803984403857796
2024-08-19 05:55:23,-1.819150112166851,-84.95295514676894,119.2841224966653, -3.2232641620979554,-34.37342680711645,2.6612976390186147
2024-08-19 05:55:23,-1.6140262523521776,-85.68848378334513,119.57560951914684, -2.8931147332766947,-33.920956248266044,2.4013658055993683
2024-08-19 05:55:23,-1.819150112166851,-84.95295514676894,119.2841224966653, -3.2232641620979554,-34.37342680711645,2.6612976390186147
2024-08-19 05:55:23,-1.5330356267996477,-86.63299045023066,120.2882384547213, -2.7647538701779757,-33.68603830942188,2.3010713792637834
2024-08-19 05:55:23,-1.3225995940845676,-88.05555851054564,121.68906594526788, -2.3869297266412923,-33.65644644807469,1.987175208597421
2024-08-19 05:55:23,-1.3386180750154413,-89.25771011346069,123.06705578775131, -2.404745735723579,-33.832687937234994,1.9979064183294892
2024-08-19 05:55:23,-1.3441790875382194,-89.98801170824665,123.85783639416037, -2.410933291554353,-33.893307605485305,2.0016285994438405
2024-08-19 05:55:23,-1.5051553979532453,-92.44601260372443,126.72470853565461, -2.6710947600604555,-34.30768862629728,2.206892605018537
2024-08-19 05:55:23,-1.132840295407953,-94.22287481390427,128.39688030936387, -2.0162078399900345,-34.19049659253335,1.6679716672091418
2024-08-19 05:55:23,-0.926425699002605,-95.08100622777887,129.143966814304, -1.6537104952980743,-34.074036526973394,1.3699114502293384
2024-08-19 05:55:23,-0.6190477306662128,-96.81887666537575,130.69405063531173, -1.1105319168148093,-33.880154993677124,0.9220054907511619
2024-08-19 05:55:23,-0.46385810552784096,-97.66917377699038,131.46770206791476, -0.8338251769143635,-33.8013331485534,0.6929001176254225
2024-08-19 05:55:24,-0.1991895443042427,-100.70442459496839,134.02528852238302, -0.3626030363973928,-33.32139060906701,0.30299316378604935
2024-08-19 05:55:24,0.05574270794571409,-101.71685136931086,134.80523987498697, 0.10210547884148458,-33.08843011973799,-0.08554695569861315
2024-08-19 05:55:24,0.6265130687725466,-103.95279284904878,136.37855147560265, 1.168302519251952,-32.431150334977275,-0.9861292563498099
2024-08-19 05:55:24,1.4415871109643539,-105.6474718649964,137.7204919259059, 2.713397963316289,-32.101947585435596,-2.299015135697165
2024-08-19 05:55:24,1.0332858282723278,-104.7518326050986,137.0116262011225, 1.9353391308470478,-32.27455156020356,-1.6365049074237412
2024-08-19 05:55:24,2.1387629812182904,-107.49640494659374,139.1492141530615, 4.070645469181109,-31.717495033985628,-3.46430709352632
2024-08-19 05:55:24,2.2976183355693305,-108.57540742394238,139.9785783105459, 4.403210864197154,-31.478542356523903,-3.7572311484772856
2024-08-19 05:55:24,2.517849558611063,-109.60054065505074,140.7677167363439, 4.8565326196042236,-31.258508648862097,-4.154209537125159
2024-08-19 05:55:24,2.800316885258877,-110.53764639076768,141.49001856900563, 5.432641034485941,-31.066266161473106,-4.657155160384688
2024-08-19 05:55:24,3.6123957354806486,-111.04333843964548,141.68208704062417, 7.061793168325496,-30.830403609866863,-6.071937164180126
2024-08-19 05:55:24,3.085116630722524,-110.21857717573533,141.2206091354911, 5.973776126970253,-31.13994598987354,-5.117947771749451
2024-08-19 05:55:24,2.502187110548621,-109.44465163732434,140.67140125627589, 4.818185945842136,-31.316740211592958,-4.118830608193756
2024-08-19 05:55:24,2.1059669276930224,-108.65300021002035,140.10716894868906, 4.030993705965259,-31.517376586026735,-3.4378973074019576
2024-08-19 05:55:24,2.502187110548621,-109.44465163732434,140.67140125627589, 4.818185945842136,-31.316740211592954,-4.118830608193757
2024-08-19 05:55:24,1.3550455689116045,-107.06366077081131,138.99385993368364, 2.560847420762502,-31.95590119444584,-2.173170871150098
2024-08-19 05:55:24,0.7387597461897241,-106.04141399377872,138.3216436165869, 1.3830960475389675,-32.287768348689006,-1.1693008535997786
2024-08-19 05:55:24,0.271756273897922,-105.20205565076932,137.7597159437548, 0.5049748920048351,-32.55866965827336,-0.42561664390180964
2024-08-19 05:55:24,-0.09463622580085684,-104.11529576059235,137.04695864701333, -0.17407899771363755,-32.931783550678645,0.14610784244621067
2024-08-19 05:55:24,-0.8192425105704094,-102.06045030955963,135.61857727957207, -1.481804143179371,-33.566955221833034,1.2347830327797729
2024-08-19 05:55:24,-1.0782893574582988,-100.95876739566918,134.66983477453385, -1.9423307985607385,-33.72627163820954,1.6156265605674207
2024-08-19 05:55:24,-1.9836349244056775,-96.53545843027281,130.5036800714271, -3.547118099319879,-34.01915160784824,2.9412066322634227
2024-08-19 05:55:24,-2.288201160785409,-93.35760628170767,127.4233591704659, -4.080284926107628,-34.133258198533234,3.3791912346550794
2024-08-19 05:55:24,-2.3149364321574186,-92.3484511707949,126.4406707729773, -4.125038608041706,-34.161241349967526,3.415166400433097
2024-08-19 05:55:24,-2.410996688026884,-91.39339146744462,125.60038573851149, -4.283159643323709,-34.28153511330243,3.541180002478306
2024-08-19 05:55:24,-2.3659845918315314,-89.21314423003615,123.60993035196022, -4.183104935461896,-34.46806454156564,3.45068896776639
2024-08-19 05:55:25,-2.6236124249365194,-87.4448517158803,121.9782788208206, -4.621295171963258,-34.620606559202514,3.805673921126048
2024-08-19 05:55:25,-2.760989290940368,-86.54242157064827,121.12698787508495, -4.856239954009639,-34.68091745674043,3.996545232249759
2024-08-19 05:55:25,-2.825847025821615,-85.61951446085259,120.36817722635136, -4.949496671520363,-34.84897263296511,4.0651582956986925
2024-08-19 05:55:25,-2.919767884994954,-84.86284434534268,119.74002966287253, -5.0970388623494545,-34.98375344300652,4.179699873471722
2024-08-19 05:55:25,-2.8903482344601565,-82.63800422929812,117.5831483779659, -5.037336009388705,-35.049315842632744,4.127359805025018
2024-08-19 05:55:25,-2.964354571476904,-83.31370378049319,118.25839510635863, -5.165910478789628,-35.054259141834635,4.232638284271197
2024-08-19 05:55:25,-2.6849302762203977,-81.03577452775843,116.0538280419625, -4.671973453753017,-35.10772025110925,3.8248135119891318
2024-08-19 05:55:25,-2.850961367408814,-81.91295955729825,116.8407964793988, -4.97106279981095,-35.02925806812993,4.073964815215116
2024-08-19 05:55:25,-2.6801696960899766,-80.20194825237522,115.37253322048863, -4.646155597071019,-35.259431307077755,3.796573482417382
2024-08-19 05:55:25,-2.6794992345948287,-79.48815823806775,114.90645137533932, -4.616837273217465,-35.50628644384133,3.7610885815971673
2024-08-19 05:55:25,-2.282134363539517,-79.1041686617239,114.55318607425738, -3.930765230535753,-35.512797152270224,3.2012808840351763
2024-08-19 05:55:25,-2.2744015314052066,-79.54742343434366,115.41258334742828, -3.878135330281596,-35.92754599800897,3.1420086411775263
2024-08-19 05:55:25,-2.0827946733508087,-81.88482475904439,117.0196346176004, -3.615877612326819,-35.1885629395411,2.956414762271389
2024-08-19 05:55:25,-2.2779540201305695,-80.67139121747402,116.32751912499333, -3.9038462988842753,-35.71919143046668,3.1711577732762772
2024-08-19 05:55:25,-1.9221131478432127,-82.90889378692196,117.50288474157942, -3.3827824325807403,-34.64070509510053,2.7841707263356783
2024-08-19 05:55:25,-1.7214557260042438,-83.77236871865256,117.69803039061375, -3.082351891087442,-33.96408709418049,2.557235123767239
2024-08-19 05:55:25,-1.7352541926866618,-84.66581745300493,117.65021426687757, -3.1850894759862296,-33.024858669845266,2.671304936657829
2024-08-19 05:55:26,-1.4580985179762131,-86.02591550865759,117.11793613954418, -2.8218324794523326,-31.1227711277838,2.4161845415647796
2024-08-19 05:55:26,-0.5182976302244314,-87.83703125124157,115.95297265995052, -1.099713727055822,-28.120328535235238,0.9699296415405061
2024-08-19 05:55:26,-0.9019965603700991,-87.22702248754601,116.19982392814943, -1.8616104272436276,-28.985621640632505,1.6285621597408733
2024-08-19 05:55:26,0.02073109983732746,-89.05211345932524,115.71948715814649, 0.04619123161270711,-26.66738116649956,-0.041277735545793615
2024-08-19 05:55:26,0.20501200954625107,-89.62140950765519,115.78089117003202, 0.465007407071733,-26.160228380186094,-0.41737597920636205
2024-08-19 05:55:26,0.6144089057645961,-90.24179853919625,115.64598090625182, 1.4319417043681293,-25.411117877325502,-1.2934538539469485
2024-08-19 05:55:26,0.6893484864538519,-91.12898636070375,116.15352968481105, 1.6292799384665952,-25.033424891429593,-1.4762983946093504
2024-08-19 05:55:26,0.4129428469310803,-91.30966036324004,116.9814980669157, 0.9531314164014998,-25.674933418484102,-0.8590404412365834
2024-08-19 05:55:26,0.18113107410595392,-91.40630282976326,117.97605933573723, 0.40494948947439735,-26.57032899798873,-0.3621823574012935
2024-08-19 05:55:26,0.015160785102020041,-91.41902204867992,118.82891487616223, 0.03293294813343817,-27.409896695455632,-0.029235760427914037
2024-08-19 05:55:26,0.4129428469310803,-91.30966036324006,116.98149806691572, 0.9531314164014998,-25.674933418484102,-0.8590404412365835
2024-08-19 05:55:26,-0.3065575253027478,-91.27872576903493,120.23345761890312, -0.6332086064543511,-28.956214087348002,0.5540564522708253
2024-08-19 05:55:26,-0.5851438784031564,-90.97341900266849,121.71032159520757, -1.144766632674912,-30.741927077335347,0.9839364532865253
2024-08-19 05:55:26,-0.4546258245068692,-91.11591697398909,121.03591270557183, -0.9113991717371652,-29.923129701974286,0.7899220881182945
2024-08-19 05:55:26,-0.6294044933718652,-89.47357683149521,123.48564360570494, -1.1251081211976257,-34.01718935949983,0.9326056265105198
2024-08-19 05:55:26,-0.2306860573778224,-88.70402513945956,123.89457721079484, -0.40028548697039135,-35.191210621312266,0.3271284033197667
2024-08-19 05:55:26,0.1962497086656471,-87.06726912198762,124.38506033835795, 0.3237164888950903,-37.31823212079865,-0.2574464531237639
2024-08-19 05:55:26,0.25830168417493443,-86.46414983838955,124.63388772062204, 0.4179638795388458,-38.17047857429677,-0.32859515524016475
2024-08-19 05:55:26,0.4530665360173651,-85.47020867891126,125.27911375888317, 0.7076419073396707,-39.81105434102706,-0.5435935448182275
2024-08-19 05:55:26,0.7214299978762377,-85.05458655042548,125.51842461487713, 1.1115765566749152,-40.46916236504471,-0.8456825619935524
2024-08-19 05:55:26,0.7983668182825139,-84.56387385409896,125.77716634947895, 1.2116301272218661,-41.21964275107966,-0.9114338999159225
2024-08-19 05:55:26,0.8887913649581801,-84.01742142055446,126.05643531347701, 1.3271434956678516,-42.04665883309805,-0.9856153865996623
2024-08-19 05:55:26,1.105030563398641,-83.16381166076539,126.2824780749259, 1.6164675628625926,-43.130044716990795,-1.1798506019982684
2024-08-19 05:55:26,1.454919849722653,-82.37060020093789,126.463892590695, 2.090438108408763,-44.112354692562086,-1.5012075628176795
2024-08-19 05:55:26,1.7800509418725037,-81.87322065222142,126.6972277180858, 2.5243186178153367,-44.85181951913564,-1.7901492410221709
2024-08-19 05:55:27,1.8566123078995147,-81.64887142507479,127.11590382418366, 2.6036214764671053,-45.49661668851496,-1.825651188884387
2024-08-19 05:55:27,1.924985000759432,-81.12973469057059,127.48548185952306, 2.659235695046152,-46.386578293295656,-1.8350025522094566
2024-08-19 05:55:27,1.9438677725094773,-80.32349904237182,127.82813042195009, 2.6355052980472005,-47.53483203052846,-1.7800230637501948
2024-08-19 05:55:27,1.961597903374222,-79.44242497794193,128.00168512223885, 2.6159213000564154,-48.58889678611992,-1.7309964693299693
2024-08-19 05:55:27,1.9793515087156308,-78.63203703705089,128.14320448195514, 2.601832174269796,-49.540347300321564,-1.6890332498753162
2024-08-19 05:55:27,1.9803173974754964,-77.92693657396823,128.0697830157793, 2.5790165480533473,-50.17140899521315,-1.6525001964516102
2024-08-19 05:55:27,1.9793515087156308,-78.63203703705089,128.14320448195514, 2.601832174269796,-49.540347300321564,-1.6890332498753162
2024-08-19 05:55:27,1.9381052578648061,-76.9732816325657,127.95503750643144, 2.493894535755053,-51.008309944158086,-1.569776399677595
2024-08-19 05:55:27,1.803649787045507,-76.35899791342588,128.00057256654495, 2.299675726363588,-51.664036725483115,-1.4268947088002266
2024-08-19 05:55:27,1.3977926761964121,-75.98420455276909,128.1846801769855, 1.768788233098821,-52.21369915288497,-1.083983659769829
2024-08-19 05:55:27,1.0085698581261826,-76.87310012009134,128.2901105642555, 1.2901321002078912,-51.42409190206294,-0.8045461680997923
2024-08-19 05:55:27,0.99197309851392,-77.71409571564233,128.13887785733945, 1.2868704133333733,-50.43187922467219,-0.8198121658436968
2024-08-19 05:55:27,1.0085698581261826,-76.87310012009134,128.2901105642555, 1.2901321002078912,-51.42409190206294,-0.8045461680997923
2024-08-19 05:55:27,0.9874131033157139,-80.1181824454864,127.5844468742923, 1.3398811460374156,-47.47406943175534,-0.9057472431974365
2024-08-19 05:55:27,1.0183385979845108,-80.85811103721896,127.35309477770983, 1.4038635401869064,-46.503572206559674,-0.9663941651396142
2024-08-19 05:55:27,0.987413103315714,-80.11818244548638,127.58444687429228, 1.3398811460374154,-47.474069431755346,-0.9057472431974366
2024-08-19 05:55:27,1.3876827719612714,-82.2061541896517,126.62978061888715, 1.9821198284418013,-44.44076910134678,-1.4154601089705576
2024-08-19 05:55:27,1.8019287670258994,-83.92314845319083,125.41868839491146, 2.7184942201459683,-41.52755905986415,-2.035836486812643
2024-08-19 05:55:27,2.114314572818004,-84.94541563981088,124.24057028191903, 3.33622638976083,-39.34279533286995,-2.5812992010669618
2024-08-19 05:55:27,1.9888580039751216,-84.63084839503405,124.66392286613, 3.0902297126055807,-40.0741424668329,-2.3656313398827717
2024-08-19 05:55:27,2.114314572818004,-84.94541563981089,124.24057028191905, 3.3362263897608306,-39.34279533286995,-2.5812992010669613
2024-08-19 05:55:27,2.128711223295803,-85.8771058795421,123.32661227135193, 3.4980715119394388,-37.50109905501561,-2.7764438726695913
2024-08-19 05:55:27,2.202054674745375,-86.07452661458635,122.78524914053781, 3.6804946870817505,-36.7674268861984,-2.9497935116403693
2024-08-19 05:55:27,2.128711223295803,-85.8771058795421,123.32661227135192, 3.4980715119394383,-37.50109905501561,-2.7764438726695913
2024-08-19 05:55:27,1.490496301937843,-87.64548735751201,121.55208278835711, 2.6705706022614426,-33.93542664494115,-2.216185053945174
2024-08-19 05:55:28,1.739058263018695,-87.23458584346906,121.85963367832255, 3.058656916194204,-34.66324837697734,-2.5165459747192194
2024-08-19 05:55:28,1.7737080890830683,-88.60486876544576,119.56810829839588, 3.4444668712126507,-31.008963713453475,-2.9531505608493194
2024-08-19 05:55:28,2.0080895427162124,-88.78774814419567,118.97314066879923, 3.988995556551395,-30.245828691482195,-3.4473946130960154
2024-08-19 05:55:28,2.3218670006974795,-89.02419227096638,117.78902153740557, 4.816269743649787,-28.8504019614644,-4.22079904249269
2024-08-19 05:55:28,2.3658245872786723,-89.28365612744071,117.21619891382865, 5.040351729801645,-28.024514471389683,-4.451886031990291
2024-08-19 05:55:28,2.371993091929939,-89.73990423938912,117.0026804958877, 5.167115087846256,-27.3578892369504,-4.591816553912589
2024-08-19 05:55:28,2.3998461222783734,-90.37933289957066,117.10028844801822, 5.324932367376972,-26.820606846398938,-4.754878797425554
2024-08-19 05:55:28,1.8607593963245508,-90.92314426929708,118.61077236695104, 3.9995395869085435,-27.74515001229326,-3.540946331240481
2024-08-19 05:55:28,1.5822045620307026,-90.75306608771824,119.24062830504562, 3.314355073242183,-28.527789869109057,-2.9126852282207714
2024-08-19 05:55:28,1.8607593963245506,-90.92314426929708,118.61077236695104, 3.999539586908544,-27.745150012293255,-3.5409463312404816
2024-08-19 05:55:28,0.4114550524905841,-89.52289098353899,121.4418688565919, 0.7781759883992003,-31.92134954259606,-0.660507462726902
2024-08-19 05:55:28,0.8439007561649314,-90.11698024561824,120.57141611796723, 1.664633170457905,-30.465003944864478,-1.4349160273591908
2024-08-19 05:55:28,-0.24423716688355318,-88.53503083044993,122.87513833539234, -0.4329590231119491,-34.340869462638764,0.3574947497633634
2024-08-19 05:55:28,-0.4549928541844308,-88.19516466691644,123.32896260334624, -0.7905876859188865,-35.13636512010541,0.6465440269951307
2024-08-19 05:55:28,-0.598211874962242,-87.74544692839741,123.83913098584344, -1.01538547949087,-36.09796734919375,0.8204722335121359
2024-08-19 05:55:28,-1.6016299738255118,-84.69665219939394,126.47685304270166, -2.403074122769696,-41.8052476088714,1.7917541609502385
2024-08-19 05:55:28,-1.7815791365166866,-84.08201955086135,127.00184898557231, -2.615246363473311,-42.949605265256864,1.9148554016283494
2024-08-19 05:55:28,-1.6016299738255122,-84.69665219939397,126.47685304270169, -2.403074122769696,-41.8052476088714,1.791754160950239
2024-08-19 05:55:28,-2.326512754611868,-83.0160241905391,127.63097385357163, -3.3106543423358383,-44.662796398560296,2.3560182451334972
2024-08-19 05:55:28,-2.455821507902958,-81.7887953371652,127.77612579682234, -3.412773797499688,-46.038148494908064,2.3705290104787258
2024-08-19 05:55:28,-2.492929242130382,-81.01613221128561,127.52988492933852, -3.434017953538251,-46.56516362527003,2.3624787705995742
2024-08-19 05:55:28,-2.598851614622131,-80.17727220592785,127.0043556648442, -3.5613784166694518,-46.882344950087486,2.4358687803880987
2024-08-19 05:55:28,-2.799658327982026,-79.6907572285987,126.33404519881283, -3.8477513486249038,-46.70782585695008,2.6405784785243664
2024-08-19 05:55:28,-2.6445268089495833,-79.78698177149525,125.75340916116375, -3.675969243034044,-46.025392718384836,2.554185154650482
2024-08-19 05:55:29,-2.6241779673582757,-80.20404911871177,125.38522328747692, -3.6969185205010877,-45.24084840266062,2.604926598783269
2024-08-19 05:55:29,-2.693260126597498,-80.79901590848775,125.28343329786335, -3.8406577498952386,-44.548818325326195,2.739074539254532
2024-08-19 05:55:29,-2.770249965427956,-81.49535492669617,125.12799353365368, -4.011234117824397,-43.70282591399767,2.902116365998921
2024-08-19 05:55:29,-2.807366041031802,-82.63928416492413,124.8574462622837, -4.173853148604788,-42.29389434299283,3.08988496932388
2024-08-19 05:55:29,-2.7979605422963734,-82.07536543951848,124.93542533221246, -4.109588151122444,-42.933615398621335,3.011202707825479
2024-08-19 05:55:29,-2.807366041031802,-82.63928416492413,124.8574462622837, -4.173853148604789,-42.293894342992836,3.08988496932388
2024-08-19 05:55:29,-2.729367353183264,-83.56362314290743,124.67983614815017, -4.14645907073892,-41.1906218845457,3.122667938178396
2024-08-19 05:55:29,-1.745548770113511,-85.95477108729087,122.9336653685037, -2.900311006090053,-37.014189724921344,2.3165759262424346
2024-08-19 05:55:29,-1.7138392112366798,-86.5376003306747,122.48922924013516, -2.9174972655503346,-35.986953798930465,2.361399758239351
2024-08-19 05:55:29,-1.5793340387349053,-87.50022522572539,121.7102400705966, -2.8075261084554786,-34.242016565299885,2.3214805612021703
2024-08-19 05:55:29,-1.4893987501997896,-87.98015787954861,121.46082808486483, -2.698481793697672,-33.50992605905943,2.2504746848875836
2024-08-19 05:55:29,-1.1288565328988982,-88.74844604156999,120.81221345165204, -2.1257556630851084,-32.08151499561804,1.80137169360375
2024-08-19 05:55:29,-1.3212465946236769,-88.40520741290094,121.1527668858104, -2.4414615806031787,-32.7712370047534,2.0532387709945286
2024-08-19 05:55:29,-0.3124279338210037,-89.15377288837595,119.55521439389899, -0.6173610631490928,-30.40289327643091,0.5324718571091949
2024-08-19 05:55:29,-0.41257458112201384,-89.91513105660388,120.10450244543883, -0.8204148930369993,-30.191924594343053,0.7091343337914553
2024-08-19 05:55:29,-0.3124279338210039,-89.15377288837594,119.555214393899, -0.6173610631490923,-30.402893276430905,0.532471857109195
2024-08-19 05:55:29,-0.41257458112201384,-89.91513105660388,120.10450244543883, -0.8204148930369993,-30.191924594343053,0.7091343337914553
2024-08-19 05:55:29,-0.17752959681053604,-90.98467067208236,121.75616476666602, -0.3469949830899948,-30.771955989929523,0.29814265881948465
2024-08-19 05:55:29,0.12758669230100328,-91.77151393392893,123.4906218393001, 0.24267206584016426,-31.71933774054544,-0.2064253809951
2024-08-19 05:55:29,0.26299473317283195,-92.02824308917315,124.16105862812661, 0.49445031906210596,-32.133776505000114,-0.4187076779916073
2024-08-19 05:55:29,-0.16661575316694655,-92.72388592763934,126.31881550082423, -0.3011193162769159,-33.59529426994536,0.25082306666154397
2024-08-19 05:55:29,-0.48054472663650677,-93.02529944434701,127.27985896412216, -0.8536959344499079,-34.257518580146595,0.7056097991501196
2024-08-19 05:55:29,-0.1666157531669465,-92.72388592763936,126.31881550082424, -0.3011193162769158,-33.595294269945356,0.250823066661544
2024-08-19 05:55:29,-0.48054472663650677,-93.02529944434701,127.27985896412216, -0.8536959344499079,-34.257518580146595,0.7056097991501196
2024-08-19 05:55:29,-1.2427012538688098,-93.41802864478223,128.95028407958742, -2.1376503688110633,-35.551121383773975,1.7394588791423304
2024-08-19 05:55:30,-1.791745451455042,-93.18773292920451,130.02902355637778, -2.9864989264751003,-36.8786643331363,2.3897041576081444
2024-08-19 05:55:30,-1.4732426913506202,-93.40131814084283,129.63656956651943, -2.491344215386737,-36.26108785441007,2.0092888870721364
2024-08-19 05:55:30,-2.3810982952426176,-92.19162361265366,130.5794074385269, -3.8309061291447133,-38.450183555478944,3.001899730634784
2024-08-19 05:55:30,-2.4772961938893454,-91.32452270852907,130.36731700516478, -3.929118111432499,-39.10877168596783,3.0507005741447246
2024-08-19 05:55:30,-2.2772477985732484,-90.21433227377742,129.6661174597292, -3.581015851605546,-39.50673903185286,2.7643881759521696
2024-08-19 05:55:30,-2.2681283475970737,-89.19634039117855,128.97291400921205, -3.542415559228857,-39.830463708317225,2.72179582298788
2024-08-19 05:55:30,-2.472249672977517,-87.60659365747279,127.69786790642729, -3.835499152875961,-40.154582691551795,2.933321812659929
2024-08-19 05:55:30,-2.5788934360791673,-86.9874321308605,126.92025817033537, -4.01379872784335,-40.002096516568095,3.07673261732602
2024-08-19 05:55:30,-2.472249672977517,-87.60659365747279,127.69786790642729, -3.8354991528759608,-40.1545826915518,2.9333218126599294
2024-08-19 05:55:30,-2.5788934360791673,-86.9874321308605,126.92025817033537, -4.01379872784335,-40.002096516568095,3.07673261732602
2024-08-19 05:55:30,-2.7254633346932238,-86.36856530592753,126.06723520023128, -4.262212135779278,-39.77667441221898,3.278171800229898
2024-08-19 05:55:30,-2.713446177923556,-85.36321072291359,124.33819345592279, -4.309120328865492,-39.05431609314577,3.3487482453781743
2024-08-19 05:55:30,-2.545680083663549,-84.5549568256339,122.63836807754159, -4.122771625223899,-38.15550914477279,3.244023120302363
2024-08-19 05:55:30,-2.4768384379270336,-84.26010238350825,121.96279507264786, -4.045792447464386,-37.77188811858863,3.2000138604645216
2024-08-19 05:55:30,-2.3643129971177395,-84.0227165342589,121.03975370857711, -3.9231757160290246,-37.08167517787558,3.1315970207978427
2024-08-19 05:55:30,-1.8978650584463868,-84.04556269046475,119.76300615238958, -3.2486504472736244,-35.76113107727221,2.637116216758846
2024-08-19 05:55:30,-1.546708953056222,-84.28295208757062,119.14780135645898, -2.704374541208966,-34.89480160848866,2.2186773080771505
2024-08-19 05:55:30,-1.1629602709586158,-84.54527044462421,118.61325947719232, -2.0754382145137544,-34.085437845955695,1.719119857743684
2024-08-19 05:55:30,-0.4275543156127217,-85.25998205714134,117.79140215632512, -0.7950260280935115,-32.533921022217626,0.6702775782275154
2024-08-19 05:55:30,-0.1972570036128374,-85.88008436644992,117.88530186986128, -0.3721817278948307,-32.00576079288355,0.3156094210477148
2024-08-19 05:55:30,-0.06338070868045449,-87.47046510161215,119.22765713208122, -0.12042210398973469,-31.757248664289293,0.10239322815985147
2024-08-19 05:55:30,0.0062783366450171185,-88.37600637328505,119.64072141537625, 0.012097155338845034,-31.264715608628986,-0.010340389581245724
2024-08-19 05:55:30,-0.4215003133907934,-89.74599215568229,120.76498276767703, -0.8178947540227859,-31.02156886317506,0.7009266562637249
2024-08-19 05:55:30,-0.593825900425374,-90.55028258031498,121.53917896483536, -1.153232306786525,-30.99401964398167,0.9886104131721237
2024-08-19 05:55:30,-0.5575749160996513,-91.38626489987318,122.2243635441305, -1.0876129734025692,-30.842642575744826,0.9338306707370498
2024-08-19 05:55:30,-0.593825900425374,-90.55028258031498,121.53917896483536, -1.153232306786525,-30.99401964398167,0.9886104131721237
2024-08-19 05:55:30,-0.2853452596050281,-92.00706463982681,122.8162310736185, -0.5571058435163756,-30.810357919496376,0.47848395640193464
2024-08-19 05:55:31,-0.042343805053118494,-92.659543072031,123.57788871934848, -0.08241040749031392,-30.918371772313694,0.07069991758385197
2024-08-19 05:55:31,-0.2853452596050281,-92.00706463982681,122.8162310736185, -0.5571058435163756,-30.810357919496376,0.4784839564019346
2024-08-19 05:55:31,-0.142558147783456,-93.32766625415587,124.42297258903073, -0.27602614107724754,-31.0956003845685,0.23636353429673201
2024-08-19 05:55:31,-0.3012878030733475,-93.99984077643262,125.27774157619167, -0.5802896154963604,-31.27920477209342,0.49594754226029386
2024-08-19 05:55:31,-0.46183105956822434,-94.63501760607764,126.17447181322808, -0.8828469633210413,-31.542486716922546,0.7524248097049395
2024-08-19 05:55:31,-0.3012878030733475,-93.99984077643262,125.27774157619167, -0.5802896154963604,-31.27920477209342,0.49594754226029386
2024-08-19 05:55:31,-0.46183105956822434,-94.63501760607764,126.17447181322808, -0.8828469633210413,-31.542486716922546,0.7524248097049395
2024-08-19 05:55:31,-0.47860506606485875,-96.07414257578614,128.68204585468757, -0.8880857776507867,-32.611027849027266,0.7480952854691771
2024-08-19 05:55:31,-0.5585351021732499,-96.42934333745548,129.5355586699527, -1.0225207345593976,-33.110390194453785,0.8565106133612871
2024-08-19 05:55:31,-0.7031422967054541,-96.73961920044297,130.36939061772406, -1.2694686199760108,-33.63625736366459,1.056975673766778
2024-08-19 05:55:31,-1.2348440449784122,-96.85888494335879,131.70786617472297, -2.1603374072356845,-34.8680869208488,1.7727674781682472
2024-08-19 05:55:31,-1.4901034881091078,-96.60742437211616,132.08409513354695, -2.5663611279902354,-35.503848752999865,2.0896855490788555
2024-08-19 05:55:31,-1.7699285847618855,-95.99492112873477,132.3397928054414, -2.984742021133568,-36.38200684943731,2.4037212678109814
2024-08-19 05:55:31,-1.8794686125949767,-94.27449270092623,132.19447730405898, -3.0564274766530573,-37.959532829616705,2.4106910787493554
2024-08-19 05:55:31,-1.8503031590117966,-95.26743549746071,132.3509022809341, -3.066744217133279,-37.12297316084541,2.446094585665148
2024-08-19 05:55:31,-2.0099109538905173,-93.18239123315148,132.02441831420253, -3.202679060070135,-38.8857824336749,2.4939853707451416
2024-08-19 05:55:31,-2.1443175202002016,-92.41385580877518,131.86558117977995, -3.3722811437799476,-39.500454846553126,2.6033339145883314
2024-08-19 05:55:31,-2.0099109538905173,-93.18239123315149,132.02441831420256, -3.202679060070135,-38.8857824336749,2.493985370745142
2024-08-19 05:55:31,-2.1443175202002016,-92.41385580877518,131.86558117977995, -3.3722811437799476,-39.500454846553126,2.6033339145883314
2024-08-19 05:55:31,-2.2843535147803467,-91.2552797770772,131.46048901980555, -3.536121009941207,-40.25904920072328,2.6999526537316747
2024-08-19 05:55:31,-2.4789195132004362,-88.95673775032841,129.8272217264057, -3.7852106725165386,-40.932407226377315,2.861448637122623
2024-08-19 05:55:31,-2.853853803332412,-87.63007794475462,128.36986100649597, -4.368024779131468,-40.82221239153444,3.3082039136322448
2024-08-19 05:55:31,-2.9336265499755196,-87.20575245584554,127.48636462382125, -4.531977313997269,-40.369131297936065,3.4558782702155026
2024-08-19 05:55:31,-3.1599067128304004,-86.26821119760062,125.92432059979515, -4.94416616569466,-39.76108594774017,3.804530343222294
2024-08-19 05:55:31,-3.0868935630921444,-86.73600979916905,126.61169408630977, -4.808160547797561,-39.97509563526643,3.6881788901253882
2024-08-19 05:55:31,-3.2154761268177445,-85.78166226591946,125.14618629710921, -5.061833069856151,-39.4743502099586,3.911385577868834
2024-08-19 05:55:31,-3.082059859067975,-83.99658456046427,122.14113857279918, -4.9822201482530435,-38.24995623542142,3.916404763094678
2024-08-19 05:55:32,-3.0360022614015745,-83.5604689589577,121.34659142928874, -4.947304390925733,-37.88972703810495,3.9080445506544925
2024-08-19 05:55:32,-2.995886302385469,-83.09504310617895,120.55019179361686, -4.918684198641376,-37.55724689041806,3.9028205172891552
2024-08-19 05:55:32,-2.8945056850909165,-82.64809355954971,119.62236893183422, -4.805294502753127,-37.071261004730786,3.837346074140298
2024-08-19 05:55:32,-2.773418150773783,-82.2811979946908,118.74024349061652, -4.6604482915430845,-36.54977923094923,3.746851957417623
2024-08-19 05:55:32,-2.585586362229499,-81.87595769219033,117.12776706266959, -4.473687877474305,-35.33425494362923,3.6520793930564137
2024-08-19 05:55:32,-2.3701952864685616,-82.16661931763835,116.7261379052081, -4.17329677724655,-34.6306174059884,3.4358866068467786
2024-08-19 05:55:32,-2.221717916135348,-82.41606200321715,116.29966145851579, -3.9806720126851323,-33.94768007540534,3.303814709102122
2024-08-19 05:55:32,-1.8810686702744972,-82.9440048188865,115.40375104571505, -3.501727198531193,-32.50825440876369,2.9541175078805466
2024-08-19 05:55:32,-1.69366926777953,-83.11982956082052,114.9549114985354, -3.208470629995339,-31.87537436684627,2.725423298484368
2024-08-19 05:55:32,-1.5025555205395216,-83.19788023566744,114.41235092139337, -2.8975183022836077,-31.24696680911839,2.477770541647465
2024-08-19 05:55:32,-0.6121190070927709,-84.71267535303774,113.65057586071313, -1.2649135863998948,-28.94381385400626,1.1069613017154314
2024-08-19 05:55:32,-0.5450043932952598,-85.41392716452111,114.04698142318334, -1.1372103562453542,-28.637801543480727,0.9981220633808516
2024-08-19 05:55:32,-0.48579660724908613,-86.12098264216941,114.45671452837657, -1.0234270796813798,-28.33955077792793,0.9007908128057921
2024-08-19 05:55:32,-0.4355375137525136,-87.63109781630347,115.79913870843316, -0.9225714612345624,-28.17113213716694,0.8133006307200242
2024-08-19 05:55:32,-0.3026585249912195,-90.45271996103628,118.3582978797393, -0.6466629050375928,-27.907087288104584,0.5714663310797572
2024-08-19 05:55:32,-0.35157847737489234,-91.07109249370723,119.09446456405628, -0.7482741261500773,-28.025398700563727,0.6605393389690828
2024-08-19 05:55:32,-0.44884307393397527,-91.58977155659558,120.0577222110392, -0.9415624564423097,-28.47119275650622,0.827703913819674
2024-08-19 05:55:32,-0.3026585249912195,-90.45271996103627,118.35829787973928, -0.6466629050375929,-27.907087288104584,0.5714663310797572
2024-08-19 05:55:32,-0.4966099077354707,-91.92250701115098,120.78424678210969, -1.0287370503073563,-28.86564432900099,0.9009433084218338
2024-08-19 05:55:32,-0.6386797202738799,-92.31456932390905,121.53138933229803, -1.308285943380023,-29.223184258661266,1.1418206192960403
2024-08-19 05:55:32,-1.0614619465660775,-93.441026981253,123.95334229027284, -2.089941527805958,-30.528994487107518,1.80042356209018
2024-08-19 05:55:32,-0.9919134756408766,-93.58886496829878,124.61519876959431, -1.9239002445553794,-31.040605262068677,1.6485664509950437
2024-08-19 05:55:32,-1.3711865427935546,-93.64913967907022,125.85821903610716, -2.571296269510181,-32.235114121794524,2.1753885937334596
2024-08-19 05:55:32,-1.5760334405892316,-93.50036332223057,126.28662463848251, -2.9086929699038135,-32.819896085295305,2.445019712698299
2024-08-19 05:55:32,-1.972645211366085,-92.70210636558545,127.0839253562572, -3.490287558871695,-34.43141128093698,2.8799402928684197
2024-08-19 05:55:32,-1.8148173056006611,-93.04578966427503,126.78040732843003, -3.265451107201333,-33.77762997070767,2.715156537707206
2024-08-19 05:55:32,-1.972645211366085,-92.70210636558545,127.0839253562572, -3.4902875588716955,-34.43141128093698,2.8799402928684197
2024-08-19 05:55:33,-2.087872555255541,-92.11857082283072,127.20630985861278, -3.628903873543765,-35.141848603884426,2.968776472595768
2024-08-19 05:55:33,-2.2240329133648475,-91.32513919201243,127.37174299818527, -3.775944103553622,-36.105864010803266,3.052230627307132
2024-08-19 05:55:33,-2.2845176117491746,-90.68268678708891,127.35796903874865, -3.821226457100835,-36.736388149230656,3.0639398293527385
2024-08-19 05:55:33,-2.0452809790544704,-90.91450408806648,126.85301069031094, -3.4819776520650514,-35.988829281115585,2.8185757636063045
2024-08-19 05:55:33,-1.8510042045786916,-91.04527837693769,126.28677919249216, -3.2056133752112617,-35.28379500599124,2.6176563686069687
2024-08-19 05:55:33,-1.7880034636802757,-90.9114625748347,125.59687642018973, -3.1398468690705355,-34.72570288298308,2.5814425425574696
2024-08-19 05:55:33,-1.4881108703134729,-90.57973733620025,124.87664816252774, -2.639647137510911,-34.32523154362028,2.18044312895601
2024-08-19 07:05:19,-1.1102230246251565e-16,-89.13333181940897,126.46514434841473, 0.0,-37.331812529005795,0.0
