time,a1,a2,a3,a4,a5,a6
2024-08-27 05:32:26,-1.747330855156827,-91.36793054137996,127.07345789211053, -2.9921607408617588,-35.742579163225294,2.429339566968876
2024-08-27 05:32:26,-1.6125705760988713,-91.84525928930442,126.84748791762502, -2.809762811343681,-35.03461916824772,2.301256552292324
2024-08-27 05:32:27,-2.3071579031472096,-93.88041206753208,125.34971105563494, -4.413132676351104,-31.545100439098313,3.763033222087051
2024-08-27 05:32:27,-2.4266700063437137,-96.59441168402105,125.01591185020288, -5.088168848193973,-28.516297594161067,4.473556474237922
2024-08-27 05:32:27,-2.6681073811023586,-97.88633860896877,124.80449206796038, -5.877104931399559,-27.04023076257139,5.23845539839164
2024-08-27 05:32:27,-2.5057528780923,-98.68325278187855,123.43078571677279, -5.967879588584282,-24.86611618713718,5.418073298950141
2024-08-27 05:32:27,-2.5165132829599948,-98.30678452429628,122.69689476153113, -6.075083771152751,-24.51169194503383,5.531138313818897
2024-08-27 05:32:27,-2.4953061659851112,-98.95499471198151,121.93888342483447, -6.3681727812219835,-23.111642686357563,5.8607854646704345
2024-08-27 05:32:28,-2.3433720950895083,-98.58330306099963,121.22208678985294, -6.068545087167577,-22.753397497869482,5.599405516440927
2024-08-27 05:32:28,-0.8813054073230306,-95.00276723588459,119.91040498485535, -2.0918181710854666,-24.922230270564196,1.8971789384005353
2024-08-27 05:32:28,-0.62045842387014,-91.3616360793446,119.38483964110145, -1.320422316245458,-28.02951495167397,1.1655897846971728
2024-08-27 05:32:28,-0.37626756387834814,-89.39927840088369,120.11126040904483, -0.7367054946711564,-30.714061756702403,0.6333746705505678
2024-08-27 05:32:28,-0.2981667702921661,-88.01937457493068,120.10196354795133, -0.5613572427864808,-32.08382656115389,0.4756265060618736
2024-08-27 05:32:29,-0.2425743687729207,-87.07485701514399,119.81822667132913, -0.4484768265947701,-32.74416816860109,0.37721345384874194
2024-08-27 05:32:29,-1.212757623146225,-85.52698636364116,119.97442779723357, -2.1433269902231125,-34.46614805233567,1.7673528376285752
2024-08-27 05:32:29,-1.3156051022034607,-86.20177811530408,122.61249101570758, -2.2157146613442613,-36.43118589764417,1.7830124649396868
2024-08-27 05:32:29,-1.600629017256462,-89.87873973639745,126.58804469076262, -2.6764809474316174,-36.73927759494494,2.145398462278174
2024-08-27 05:32:29,-1.8299652647820897,-91.9352694027746,127.77853422283154, -3.123067433355414,-35.88369667289522,2.531196618534137
2024-08-27 05:32:29,-1.7112480306351958,-92.6338212977195,128.71519703439074, -2.9040467646548054,-36.116426801502314,2.3466477091764597
2024-08-27 05:32:30,-1.8622814266529923,-95.26282659973332,130.54125922702266, -3.2221832416028238,-35.321184983441164,2.62998269543082
2024-08-27 05:32:30,-2.1596857468524293,-96.81884082710633,130.69788031843922, -3.870221687932108,-33.939605286832524,3.212360831392971
2024-08-27 05:32:30,-2.1783287512288143,-97.8170387280055,131.16507654343718, -3.958192125208363,-33.410901913055675,3.3056671686529393
2024-08-27 05:32:30,-2.5645827749988834,-99.1163508038585,131.31654157293792, -4.804614713390471,-32.29120326298381,4.064267994777116
2024-08-27 05:32:30,-2.9510453313487877,-100.4677778146114,130.3257823296169, -5.911731744539733,-29.990098217341426,5.124757935597718
2024-08-27 05:32:30,-3.1401694282286403,-101.10957884441076,130.28758723801926, -6.420495237451197,-29.33170895464558,5.602995090613892
2024-08-27 05:32:31,-3.0753194923753284,-102.28290928270613,129.21093936444316, -6.76562641372761,-27.090024893948097,6.029183341017298
2024-08-27 05:32:31,-4.068252062660051,-104.84050534976856,127.75623601509466, -10.351583557940863,-23.254871288671907,9.5266710787452
2024-08-27 05:32:31,-4.428980829467507,-105.12596433262812,127.36266184663455, -11.567067465369956,-22.651518639312357,10.696246012489407
2024-08-27 05:32:31,-5.438336028410109,-104.78197768974066,126.44321030465342, -14.4625345798981,-22.301591746794248,13.421351267371385
2024-08-27 05:32:31,-6.652389160945258,-104.89552675906005,126.36995503217265, -17.671263906405127,-22.434608698032324,16.40843843081756
2024-08-27 05:32:31,-7.332566412393344,-105.21924641129333,126.4189969885699, -19.587828108030752,-22.37670744250513,18.213782008082553
2024-08-27 05:32:32,-9.547226355254622,-104.82811751420566,125.75443026171386, -25.215762948566002,-22.912077522138823,23.44868772397315
2024-08-27 05:32:32,-10.747465037686261,-104.90592408377157,125.96653916639583, -27.84283523300266,-23.532868916048876,25.83935504027815
2024-08-27 05:32:32,-11.14902068886814,-104.22260148681431,125.36069228550447, -28.657054962503132,-23.77844250241232,26.570447944475095
2024-08-27 05:32:32,-12.045402082262633,-103.28917330790176,124.62325154242038, -30.39315823604195,-24.360770056665903,28.116238171834926
2024-08-27 05:32:32,-12.064841044326986,-102.67916253185801,124.6494712897263, -29.739494469916075,-24.920455670463483,27.38920857048618
2024-08-27 05:32:32,-12.552064414356515,-101.17286600368627,123.69536579176196, -30.167586775051355,-25.62405188082049,27.65862053396605
2024-08-27 05:32:33,-12.915383895960149,-100.65772691095634,123.62244446173621, -30.444245669266653,-26.17491870578386,27.810020497575387
2024-08-27 05:32:33,-13.283773365963855,-101.23201986398696,125.71786787769908, -29.6668544269598,-27.660485750844295,26.772016873178263
2024-08-27 05:32:33,-12.967892469959411,-101.76472267166608,126.30379793905516, -29.006949430465003,-27.566070283342466,26.17518853747503
2024-08-27 05:32:33,-13.616595583395277,-102.92181777978547,126.48393138642412, -31.214586183728187,-27.018047478690498,28.361776201372827
2024-08-27 05:32:33,-12.947448965870723,-102.92537544171265,126.19540549201004, -30.19663950165689,-26.453357795074204,27.519746902410652
2024-08-27 05:32:33,-11.776427598008505,-102.67342402897259,125.98025564337621, -27.785984426132448,-25.96414071985718,25.348967946222228
2024-08-27 05:32:34,-11.492935969497015,-103.27498854954561,126.6796754632704, -27.106246420834143,-25.931022495099914,24.718015095331285
2024-08-27 05:32:34,-11.78261495917739,-102.30495427355729,126.22421323372537, -27.224791166645847,-26.509969766121458,24.72056060880151
2024-08-27 05:32:37,-12.49765759223554,-102.39365546998758,126.33080787787218, -28.64768253909929,-26.831994420777107,25.988309740730198
2024-08-27 05:32:38,-13.2452182002408,-101.73975363891142,125.173585533833, -30.62002077860123,-26.73300079575999,27.861223259895397
2024-08-27 05:32:38,-13.227596114127735,-101.25753556725115,124.45834564295888, -30.822724430082374,-26.5244132140966,28.095781379720467
2024-08-27 05:32:38,-13.392748481768244,-100.98840589611453,123.21029833913397, -32.193279881153074,-25.76938385591781,29.551496411410042
2024-08-27 05:32:38,-12.48674636167108,-101.4554890585145,122.63831173452499, -31.502243146539172,-24.44257136715104,29.15839073344825
2024-08-27 05:32:38,-8.511743189659104,-100.17889971823004,122.02979949466337, -21.905314921269458,-23.374336057209376,20.25937501021152
2024-08-27 05:32:38,-2.566372073380907,-97.50976087354391,120.85226589510009, -6.4539282756986225,-23.475311953195416,5.923716032776123
2024-08-27 05:32:38,0.3833881678634943,-94.9706274640221,119.22825460476085, 0.9331121283373728,-24.260473447677356,-0.8507188480673232
2024-08-27 05:32:39,4.481667935890357,-89.40347617211532,116.33003667906516, 9.8195742993861,-27.269461123712436,-8.746142341911721
2024-08-27 05:32:39,5.982189986228427,-88.0573472592645,118.2853561289858, 11.758050672500362,-30.759279621050695,-10.14100118794751
2024-08-27 05:32:39,6.031175408227852,-87.56391073106114,118.50188508864976, 11.613131210251858,-31.463072574485174,-9.942628767216476
2024-08-27 05:32:39,5.240104358206255,-86.4510821401235,120.11039413826647, 9.395658857869282,-34.0172364959733,-7.809613665408521
2024-08-27 05:32:39,5.078040740063669,-85.93864322101749,121.73150393096724, 8.639270874934226,-36.1035827339343,-6.998495674877812
2024-08-27 05:32:39,4.828211660043628,-85.31761977063238,121.58781906365533, 8.125813013032825,-36.54637093618923,-6.543599858773021
2024-08-27 05:32:40,4.014633957233297,-84.97119506584923,122.71911883431306, 6.540038951079239,-37.92914498977589,-5.167064427055557
2024-08-27 05:32:40,3.729889425557931,-86.89119788729245,124.75201890765983, 6.063123289681134,-38.016666181340135,-4.783485784864659
2024-08-27 05:32:40,3.5881134718371905,-87.72619080355317,124.88762202533461, 5.926517737585299,-37.309356026980886,-4.719978671049884
2024-08-27 05:32:40,3.147611501670535,-91.6473680854055,125.03602637677623, 5.706466618766398,-33.51957675598809,-4.762261363652901
2024-08-27 05:32:40,2.330461768857134,-95.49747353985958,123.52594616143945, 4.949762251394458,-28.11736088807596,-4.368022579919303
2024-08-27 05:32:40,2.0682954810403102,-96.06298889464715,123.30438397171795, 4.511109288738642,-27.313808194560767,-4.0098937679262585
2024-08-27 05:32:41,1.1202961148240342,-96.2691783684112,123.36653984338818, 2.4582693575304964,-27.118758466072066,-2.188295039191118
2024-08-27 05:32:41,0.2909287594302592,-96.95714276842142,124.1331058418786, 0.6369684813289371,-27.177401717278975,-0.5666498589989101
2024-08-27 05:32:41,-0.31073283622942127,-98.56678595562647,124.12063747489339, -0.7203265553898026,-25.55561374222848,0.6498612093332966
2024-08-27 05:32:41,-3.1261817569601593,-99.90130306392854,123.53393949753075, -7.758452284761176,-23.826745393926423,7.10427442282333
2024-08-27 05:32:41,-5.749216382210556,-100.39064869949173,124.16820751024203, -14.020749672881376,-24.42344970779893,12.809404139371498
2024-08-27 05:32:42,-9.374922291568668,-99.50890006678301,123.31615796708037, -22.244786041150572,-25.486244584668842,20.264336204890384
2024-08-27 05:32:42,-9.782699345301666,-98.73067603861,123.168551381828, -22.624750512190104,-26.211163636763782,20.501352715156088
2024-08-27 05:32:42,-10.538459377752844,-97.35803911820753,124.32757257118595, -22.3035360702405,-28.81095428892114,19.76970342560557
2024-08-27 05:32:42,-10.036534636456224,-94.35335878560076,125.66815899343766, -18.805005102884806,-32.727570245454345,15.985266472068488
2024-08-27 05:32:42,-9.788276379285005,-93.76635444556523,125.83829924303967, -17.999239810600297,-33.379326637648745,15.179551453753296
2024-08-27 05:32:42,-7.743681463615249,-91.1958631890421,128.20734313351858, -12.729052321092908,-37.69910684862728,10.13368144714516
2024-08-27 05:32:42,-6.762924776636452,-90.61646714224044,130.94917707676592, -10.382743784760393,-40.80002094749199,7.896482354768077
2024-08-27 05:32:43,-6.873033621126764,-89.0957169744204,130.3581515369516, -10.357402820749677,-41.72956376456702,7.7670584862876915
2024-08-27 05:32:43,-7.196051119789113,-90.60925041225106,129.2248892896606, -11.437061388678712,-39.17721907877606,8.913026556351763
2024-08-27 05:32:43,-7.348124853769232,-91.08396735982811,128.84724888050968, -11.89137574555392,-38.36662375838869,9.375134667180658
2024-08-27 05:32:43,-7.664134767451287,-92.0665982280548,127.94467217155093, -12.931742351536915,-36.5797864582848,10.447209574449998
2024-08-27 05:32:43,-6.884465093173559,-94.32802920965297,127.5630514852914, -12.423550115977282,-33.86028414912438,10.366656010160554
2024-08-27 05:32:44,-7.585317755712313,-95.24272430818884,127.03920957799636, -14.183704328962857,-32.596249544725055,12.020317253114186
2024-08-27 05:32:44,-7.641856448429517,-96.0279808280356,125.99815720703566, -15.034057283017294,-30.841167453862795,12.985740028336629
2024-08-27 05:32:44,-7.72296763650469,-96.67749004373627,125.19375696611434, -15.857830706733377,-29.458580342574187,13.892495621812998
2024-08-27 05:32:44,-7.796455125402235,-96.93729879391532,124.75291523817658, -16.352972483205622,-28.80339393078886,14.419616379497283
2024-08-27 05:32:44,-8.104637596155307,-97.75266931396956,124.26241060451939, -17.694782322034442,-27.63494297521738,15.782654151512796
2024-08-27 05:32:44,-8.219010876099395,-98.00079029714686,123.77858275540522, -18.373292254971318,-26.97072684023842,16.489501771712018
2024-08-27 05:32:45,-8.230230024516493,-98.08320954281949,123.23632028947455, -18.793458097572,-26.38183895879929,16.954313557881065
2024-08-27 05:32:45,-8.358415099530514,-98.47671259256582,122.9829725261924, -19.50488829442321,-25.808930843319715,17.686546803917885
2024-08-27 05:32:45,-8.37173673149564,-98.74995615637062,122.60649638414235, -19.99451007907007,-25.201529408363342,18.22298190002764
2024-08-27 05:32:46,-8.48082034740078,-99.18181436578584,122.41336525802353, -20.707539549541988,-24.650319795561387,18.961188903443578
2024-08-27 05:32:46,-8.502286705432228,-99.58978890258021,122.17910475352241, -21.264830657152466,-24.057760121307727,19.56373250382246
2024-08-27 05:32:46,-8.356922194373166,-99.69240369793974,121.68013342751063, -21.422560641580073,-23.448479148337288,19.796293042235277
2024-08-27 05:32:47,-8.926434732232412,-99.85871705866171,121.76784869372355, -22.828279416067446,-23.574628936489535,21.097129486137177
2024-08-27 05:32:48,-9.786464610469157,-100.36596964379865,123.00563562003364, -24.136856964646626,-24.561814632743925,22.17322066341223
2024-08-27 05:32:48,-10.284329734799648,-100.3131506943516,123.35464085621736, -24.87199999829844,-25.117755755299804,22.770340702381468
2024-08-27 05:32:48,-10.59440914861296,-100.21851835700548,122.83620190944212, -25.93637149557488,-24.857524393910786,23.811885564033034
2024-08-27 05:32:48,-10.116724617021639,-100.85685005692835,122.33863687667186, -25.976989262365674,-23.642425583168396,24.053114262493445
2024-08-27 05:32:49,-9.639230138762665,-101.29713675070875,122.51384199661442, -25.14114931408843,-23.211403780365032,23.331642062719254
2024-08-27 05:32:49,-9.186199439571485,-101.15484130070406,122.07565105795044, -24.365397375464784,-22.765681167062507,22.665883651729693
2024-08-27 05:32:49,-8.955432013915539,-100.57393526046926,121.44980069588415, -23.85658097118793,-22.636588823910444,22.203569986808823
2024-08-27 05:32:50,-9.47416318058389,-100.66477872136491,121.21836764595918, -25.422963788859626,-22.545935828890705,23.70138490812196
2024-08-27 05:32:50,-9.645541668876728,-100.75876929939957,120.72545611345214, -26.46000975837213,-22.088483082803002,24.75823545431077
2024-08-27 05:32:51,-9.461410282324074,-100.93280495028264,121.5110608165815, -25.367042782167914,-22.563098668021027,23.645683478184687
2024-08-27 05:32:51,-9.160932837375935,-99.7917774760413,124.5980036684074, -21.02553424337594,-26.342979171991797,19.006756591241622
2024-08-27 05:32:51,-8.777550266651815,-100.21073457244034,126.07041161759462, -19.494349111971633,-27.211329734112425,17.475468670903812
2024-08-27 05:32:51,-7.640545936968396,-98.77228133077045,128.03761799517318, -15.3450560039724,-30.160650222940916,13.347431074747234
2024-08-27 05:32:51,-7.269626604711651,-97.50988735804236,129.251180619426, -13.629925610851837,-32.47816791814571,11.560591806353175
2024-08-27 05:32:51,-5.542741923780436,-94.8945331635659,130.68665087403804, -9.421106634907515,-36.162011915865754,7.630019522633324
2024-08-27 05:32:52,-4.596461184549355,-95.57599043238167,130.41822009426505, -8.010063127518421,-35.106075401819936,6.567061283715949
2024-08-27 05:32:52,-4.812931069075362,-96.0633296648735,130.22030540967813, -8.528800379073594,-34.45360109852196,7.04933939780191
2024-08-27 05:32:52,-7.769767774337823,-97.41588810461356,130.5005126393939, -14.033888581011595,-33.88348086587325,11.72290610303503
2024-08-27 05:32:52,-8.873773493085396,-97.8527395104335,130.30981607343216, -16.220725184365204,-33.519906741585615,13.633126602729938
2024-08-27 05:32:52,-9.494096689505579,-97.67556728746186,130.09889416429934, -17.323198323173113,-33.638665831649874,14.557016241958394
2024-08-27 05:32:53,-10.745902772188304,-97.42622728642534,130.04648845901917, -19.394874902430324,-34.15807004451634,16.242036605701696
2024-08-27 05:32:53,-11.321071178092406,-97.41384663819312,129.84646088713154, -20.470478379328604,-34.146992483327544,17.168069024523835
2024-08-27 05:32:53,-11.981482042083531,-97.60200331478259,129.8200635417434, -21.705141831048387,-34.14759995793355,18.23321649155443
2024-08-27 05:32:53,-12.592940804513091,-97.51485842868806,129.67135980759346, -22.76949907659148,-34.286462541718066,19.126457139164714
2024-08-27 05:32:53,-13.203416489516805,-97.35974906280492,129.49862030261517, -23.798437255125528,-34.474588411002685,19.979589318129392
2024-08-27 05:32:53,-13.826253162361908,-97.31673919787173,129.49387404449215, -24.803733325465295,-34.726460472893166,20.79814646668858
2024-08-27 05:32:54,-13.66751410243468,-97.28222097532101,130.04053431212768, -24.19953476901428,-35.19976715673167,20.164878776961306
2024-08-27 05:32:55,-13.145604850264132,-97.39256406445953,130.3906120444714, -23.2112120252294,-35.24305686891477,19.3018967792618
2024-08-27 05:32:55,-12.594566155988351,-97.68347218758836,130.3719662600597, -22.474825565377415,-34.77805440694011,18.76770578312046
2024-08-27 05:32:55,-11.849887756172983,-97.92264791206017,130.50136006133175, -21.289271383300942,-34.4424476335601,17.81517982981529
2024-08-27 05:32:55,-9.733146941733274,-98.63872427160837,130.42050351467117, -18.039165851472177,-33.08891908871447,15.262140185201527
2024-08-27 05:32:55,-6.807704461011707,-99.30969258012583,129.09024709659354, -13.5149399890268,-30.47904029160899,11.702805347971273
2024-08-27 05:32:56,-3.288984649452382,-97.55841046049643,124.97532217424731, -7.113869369260282,-27.59829276151425,6.311379817467788
2024-08-27 05:32:56,0.14105403926516324,-97.29725170193872,124.34292918822922, 0.3102105414501495,-27.046017576688634,-0.2762869744461891
2024-08-27 05:32:56,2.5067145022856865,-95.61959042928886,123.05495371578058, 5.427715760090584,-27.54078731349164,-4.815733219852901
2024-08-27 05:32:56,3.4841659828652634,-94.73160394757174,122.48861697645984, 7.448194940733247,-27.95757651087601,-6.587088804685963
2024-08-27 05:32:56,4.593597934703158,-91.98193918068003,120.21140482910855, 9.640388219005981,-28.570394690628344,-8.484720447812792
2024-08-27 05:32:56,4.791256502076587,-93.42439469133228,121.61121594317717, 10.062451932315518,-28.558180862741104,-8.858900051952183
2024-08-27 05:32:57,5.1909044036526835,-92.60221247811228,122.84676834700893, 10.224083661363817,-30.645176878866266,-8.820414559533843
2024-08-27 05:32:57,5.508730698045043,-91.59544988455389,123.32055125905605, 10.392868498144527,-32.150579932418836,-8.826447955345687
2024-08-27 05:32:57,5.486630766494509,-91.0632431739773,124.66038356205134, 9.847592079080503,-33.99024840600903,-8.190078700898301
2024-08-27 05:32:57,5.76956740051085,-90.88476611257957,125.75001523086982, 10.023587555612426,-35.27969797157289,-8.210525095389837
2024-08-27 05:32:57,5.751800872239297,-90.16980998629334,125.92279745944975, 9.78111746415969,-36.15172014501142,-7.924544872793215
2024-08-27 05:32:57,5.48176909533057,-89.62422403563434,125.93807090346232, 9.20482341210926,-36.66888774618619,-7.405850381275933
2024-08-27 05:32:57,5.055574620955202,-89.90013444000112,126.42496367067739, 8.454533566244038,-36.824727707791936,-6.78527528981659
2024-08-27 05:32:58,4.67372662113997,-91.31014172289434,126.67697503325445, 8.039503887824743,-35.634366330306506,-6.548675150631005
2024-08-27 05:32:58,4.468620124977445,-92.0158256088441,127.18952143857086, 7.725851331697064,-35.420087776571485,-6.3088042544969065
2024-08-27 05:32:58,3.9858470215804,-92.4427760281736,127.42044239223587, 6.930225570821521,-35.17526267115625,-5.673890454209426
2024-08-27 05:32:58,3.3955449763862937,-92.59645475488382,127.17941292583573, 5.967636646474449,-34.72859096598832,-4.910316621986657
2024-08-27 05:32:58,2.820184561668608,-92.3480812753009,126.87280007790491, 4.967499883015522,-34.62546407044333,-4.090982371696523
