time,a1,a2,a3,a4,a5,a6
2024-08-27 04:59:24,-1.8290193199974547,-97.29082856799448,127.82850567426397, -3.5961821880895832,-30.587122778598292,3.0968489155078793
2024-08-27 04:59:24,-1.7763189783755013,-97.94551694962162,128.5798567964392, -3.4828262640482555,-30.68080028875696,2.9962721348406416
2024-08-27 04:59:25,-1.7901373716211326,-98.57306741022508,129.57225434781648, -3.4726928189930657,-31.04569537678081,2.9762201855521564
2024-08-27 04:59:25,-1.9187792413680715,-98.7835024088747,130.23138501953747, -3.6741067147588335,-31.500375382662305,3.1338504833049963
2024-08-27 04:59:25,-2.171039578653481,-99.0870901268471,131.0006291956237, -4.101792577549913,-31.979517171708288,3.4809611703119563
2024-08-27 04:59:25,-2.0408036106757663,-98.74159098674441,131.34054048928917, -3.784088182939188,-32.65573356191615,3.1872780491840875
2024-08-27 04:59:25,-1.7813572893700238,-97.90862674362609,131.32584937961795, -3.232138279791436,-33.45916518629261,2.697374443957309
2024-08-27 04:59:25,-1.4920291105254806,-97.05103261723495,131.30415415670734, -2.6495560582814828,-34.28163828898143,2.189767220685701
2024-08-27 04:59:25,-1.2813403978544975,-96.30806926867922,131.33151423692206, -2.231886978106522,-35.043883177889896,1.827578491859071
2024-08-27 04:59:25,-1.364242612166437,-95.47552065418459,131.1772474520005, -2.3369155998357827,-35.72432076490544,1.8975503030150989
2024-08-27 04:59:25,-1.5409870027288677,-94.82173678291933,131.38618288599113, -2.585602615697722,-36.59237452045556,2.0764729054965794
2024-08-27 04:59:25,-1.2026075993423326,-94.1709074696058,130.70789660961904, -2.019489435526975,-36.55401845195954,1.622485487596056
2024-08-27 04:59:26,-0.8660421759355108,-93.97533301188636,129.52361103765307, -1.4893873885253148,-35.557436577109705,1.2117580508468606
2024-08-27 04:59:26,-0.9688228901093041,-93.70606434899622,126.82289699996994, -1.7728735310031252,-33.129387124270096,1.4848140952581323
2024-08-27 04:59:26,-1.0118609269056156,-93.61361249420959,125.98336820890864, -1.8894940194013878,-32.38384818291852,1.595803835701061
2024-08-27 04:59:26,-1.0410889275047204,-93.54109732139297,125.20389348020692, -1.9827586518978886,-31.67812931983061,1.6875364154881025
2024-08-27 04:59:26,-0.870461967249339,-93.35503534680811,124.04985454464207, -1.7048607197527756,-30.705955694082753,1.465950676098059
2024-08-27 04:59:26,-1.102107371838294,-92.85070034743828,121.82242349128624, -2.274390044816961,-28.990861493368147,1.989647634258621
2024-08-27 04:59:26,-1.1773520963999708,-92.92950496523108,121.00373992532757, -2.500493574061801,-28.096905044258868,2.2061267570417393
2024-08-27 04:59:26,-1.510844578528243,-92.78143959020204,119.50977273481755, -3.356153650322406,-26.767861328570596,2.9971984539551326
2024-08-27 04:59:26,-1.7021628541757357,-92.63425333839614,118.56154009626937, -3.8882251119827087,-25.97924223564187,3.496360056402394
2024-08-27 04:59:26,-1.7683743382327808,-92.33902964442773,117.82727588298617, -4.103657634370749,-25.545425725735303,3.703675913029974
2024-08-27 04:59:26,-1.210480369702247,-91.7005008743246,117.00482932492788, -2.830139613483097,-25.331359417629262,2.558398229278061
2024-08-27 04:59:26,-0.6507247194521113,-91.09348980453822,116.56817623009353, -1.5126317550373123,-25.48244127724014,1.3655373828223971
2024-08-27 04:59:26,-0.35381681097472445,-90.22447142252764,115.84694678234582, -0.8181428375121802,-25.624753098087236,0.7376844068831934
2024-08-27 04:59:26,-0.25488839336419405,-89.21354289685513,115.1539163645362, -0.5826716324887913,-25.941538945330095,0.5239655993805092
2024-08-27 04:59:26,-0.15232606386394998,-88.09918208335131,114.39896521058802, -0.34379522834479825,-26.30019282798836,0.30820797054235394
2024-08-27 04:59:26,-0.12227272952478595,-87.33978240054873,113.90681477474801, -0.27338956850088497,-26.567293287907706,0.24452265037702114
2024-08-27 04:59:26,0.11394621117469955,-84.39805129704254,111.96995097131192, 0.2461766595621512,-27.57211666406082,-0.21821840309978516
2024-08-27 04:59:26,0.10871152501840639,-83.45941416852716,111.44087373528653, 0.2317015079198092,-27.981653682955592,-0.20461535460924515
2024-08-27 04:59:26,0.022072492177131683,-82.69438074907615,111.03056268834371, 0.04650323684283586,-28.336189823371598,-0.040931115411507374
2024-08-27 04:59:26,-0.08497022902971835,-81.85717085381015,111.03740387134934, -0.17427659243479415,-29.18034584441886,0.1521591529370193
2024-08-27 04:59:26,0.059969412693841845,-81.28678858041218,111.53056652320055, 0.1190623581730687,-30.243831771040227,-0.10285678654417366
2024-08-27 04:59:27,0.041526755648686325,-80.89046828855861,111.84389246792253, 0.08073773307427957,-30.953449271029246,-0.06923951867772703
2024-08-27 04:59:27,-0.3078648833222538,-79.80671313699611,112.32007395927539, -0.572762289258385,-32.51465844405796,0.48298871486549166
2024-08-27 04:59:27,-0.5362209869708305,-79.37563224909944,112.53482587299213, -0.980286168668061,-33.16303382268727,0.8206385854162976
2024-08-27 04:59:27,-0.710398254273386,-79.13559049203499,112.93830833536367, -1.2767793122461013,-33.80929519489078,1.06092290564019
2024-08-27 04:59:27,-0.8407669089133887,-78.82634061074826,113.26674484476432, -1.486412375887002,-34.44939869003475,1.2258224242490994
2024-08-27 04:59:27,-0.9506385659485307,-78.82487444867961,113.89924921262806, -1.6540144836533868,-35.08560481107414,1.353594609548203
2024-08-27 04:59:27,-1.0440587060020803,-78.94205808450553,115.52813887133394, -1.7513369678364583,-36.59889367228453,1.4061797418034991
2024-08-27 04:59:27,-1.0982308777441852,-79.4191413742287,116.54539553132523, -1.8191595241162082,-37.14015520438781,1.4503406287947835
2024-08-27 04:59:27,-1.1851721693133874,-79.9898789211206,117.67566650164187, -1.9382127289634488,-37.70165196208485,1.5337441262706677
2024-08-27 04:59:27,-1.2746813441214495,-80.37262714131582,118.62818777713755, -2.058147118690775,-38.27353891129977,1.6160408210708723
2024-08-27 04:59:27,-1.4577611443015381,-81.02265209360685,119.72272840932993, -2.3307255075295963,-38.72321675713886,1.818770929182562
2024-08-27 04:59:27,-1.6445556701886834,-81.76363360484046,120.76927489201444, -2.6118143396839226,-39.0347700349805,2.029320543797142
2024-08-27 04:59:27,-1.8147145217445784,-82.37177737507905,121.73397121237593, -2.8599102882304868,-39.397211786168675,2.210776484162381
2024-08-27 04:59:27,-2.3529439160869177,-84.72888828263697,124.37213098632677, -3.6849544434519816,-39.701510359336474,2.8367356471590304
2024-08-27 04:59:27,-2.7150146777704443,-85.41547061709241,124.92775479572856, -4.26257155443633,-39.59020589052267,3.287294145591163
2024-08-27 04:59:27,-3.3007895612557663,-86.57556346655474,125.88154498391953, -5.202147249730335,-39.421944816509125,4.023063444891054
2024-08-27 04:59:27,-3.8509253253859255,-87.7781140810518,126.62077895409763, -6.125838664901462,-39.00303783951648,4.767654238477377
2024-08-27 04:59:27,-4.272419114772539,-88.98430825387581,127.30142530537367, -6.870527918155709,-38.51815309692449,5.385573193069561
2024-08-27 04:59:27,-4.74989843809902,-90.20113634836983,127.84488645088467, -7.7474564828103585,-37.89813160065577,6.1276152746064625
2024-08-27 04:59:27,-5.090388704322123,-91.44260246790734,128.34807861230396, -8.437805831046912,-37.20534532948449,6.7382598216440766
2024-08-27 04:59:27,-5.452579415976761,-93.03638466399565,129.19474117738594, -9.18973940026925,-36.51163325457645,7.40855355703904
2024-08-27 04:59:27,-5.641750241435894,-93.89372593427538,129.67650522565904, -9.589486798549421,-36.16606479475329,7.766868069395244
2024-08-27 04:59:27,-6.168753290215562,-95.0174921650181,130.12982684658488, -10.642411663049714,-35.581438033822245,8.689062500075067
2024-08-27 04:59:27,-6.793268109418349,-95.60767005920792,130.18855763832772, -11.853407343817672,-35.16016056958165,9.736542953545879
2024-08-27 04:59:27,-7.315956600050477,-95.26468387008455,129.9054797457345, -12.727322815445481,-35.31027019517158,10.442996252087998
2024-08-27 04:59:27,-7.989223730718496,-94.79299758555393,129.69643728857488, -13.781531083344971,-35.692721317891014,11.266264596511835
2024-08-27 04:59:27,-8.882298374372073,-94.29351621133941,129.6648835274853, -15.10804328164161,-36.3280472412584,12.27067958538074
2024-08-27 04:59:27,-9.334815938670179,-94.19659052967545,130.03876006980096, -15.680805412900536,-36.87962441030756,12.655955269561204
2024-08-27 04:59:27,-9.610715882958383,-94.1253955859928,130.70165680994566, -15.863117791557066,-37.646585761399514,12.680236465476193
2024-08-27 04:59:28,-9.914903835306468,-94.01284296936267,131.2204342245771, -16.122472795983768,-38.320507552763964,12.777604545512554
2024-08-27 04:59:28,-10.241244741262358,-93.30403065090483,131.0992855625184, -16.426028648319658,-38.95717572959952,12.911878559843126
2024-08-27 04:59:28,-10.511448939556509,-92.37517530231668,130.58232730642496, -16.698716675580368,-39.41267757151835,13.049055234402426
2024-08-27 04:59:28,-10.343873832851862,-91.8804106973223,129.82950733204888, -16.531015083701252,-39.12767853605689,12.965931885638202
2024-08-27 04:59:28,-9.696621963528134,-91.75544361138554,129.50300992082273, -15.595458293756895,-38.792595042425994,12.273514853494351
2024-08-27 04:59:28,-6.017903364374568,-90.82309580342934,126.78823802771078, -10.176325060967876,-36.39803680087824,8.221405369078475
2024-08-27 04:59:28,-5.356352252314865,-90.38749496409167,126.33995086858093, -9.07325192340663,-36.29599601217679,7.334190898402413
2024-08-27 04:59:28,-4.847157591100396,-89.7846535934205,125.76070267788933, -8.214222466459315,-36.257380864643835,6.639565287337989
2024-08-27 04:59:28,-4.35452220733164,-89.2515288112338,125.18963453259367, -7.392414987087078,-36.16564603727435,5.979536233125816
2024-08-27 04:59:28,-3.867993370338684,-88.72393896489515,124.60143217240932, -6.58101229127579,-36.05754821248729,5.328369304278197
2024-08-27 04:59:28,-2.586297021233938,-84.11682340215559,122.30343701908266, -4.178843209604053,-38.26075323545359,3.2834620906199543
2024-08-27 04:59:28,-2.321735218812068,-83.43547378500963,122.59018166311463, -3.6739964781650545,-39.212434908950165,2.848198918928804
2024-08-27 04:59:28,-2.071191874197593,-82.7860565292286,122.69175847444016, -3.2265314106366514,-39.9504399461065,2.4745377284304944
2024-08-27 04:59:28,-1.9384389929660362,-82.16074624445034,122.91847681829032, -2.9676174374723514,-40.79575748964333,2.2474730410544788
2024-08-27 04:59:28,-1.914483978313865,-81.69484422906794,123.15886319964686, -2.88993972563862,-41.500201295859796,2.16523620375956
2024-08-27 04:59:28,-2.2745805989707306,-80.19632365734105,123.39262537592793, -3.3210035445803148,-43.244359175531315,2.4204185518699393
2024-08-27 04:59:28,-2.5680945224306937,-79.7509307232251,123.63075472014864, -3.7022941915317356,-43.93963030794467,2.6677031081116573
2024-08-27 04:59:29,-2.876844060578864,-79.44906385710672,124.06333354686362, -4.092611868692621,-44.68740982746716,2.912107339940093
2024-08-27 04:59:29,-2.911130064843366,-80.02355407699947,124.86554234921748, -4.1247761543075985,-44.91628841567307,2.923432389444056
2024-08-27 04:59:29,-2.9414022945850573,-80.30792573364015,125.54843664617879, -4.138847810237784,-45.31531645780177,2.913017508335712
2024-08-27 04:59:29,-2.981995572376469,-79.93146902594556,125.90946631800782, -4.143509830108989,-46.052928032392984,2.878169271921297
2024-08-27 04:59:29,-2.869970921418087,-78.63826710478965,125.62196694847114, -3.9223787247435387,-47.050715814149726,2.674753661779236
2024-08-27 04:59:29,-3.8988245542088076,-74.59939355374115,126.19079197233344, -4.970713331537602,-51.69645288198434,3.085751496489856
2024-08-27 04:59:29,-3.9114087384304277,-73.93570520164278,126.27266717873682, -4.936470327438881,-52.43990138239679,3.013924216289782
2024-08-27 04:59:29,-3.9578367899840377,-73.34770376242302,126.35719565648338, -4.950669229237113,-53.11235551452619,2.9763654223771128
2024-08-27 04:59:29,-3.9625233923866516,-72.63889631479624,126.6378858350998, -4.893898787909557,-54.09844335477718,2.8743403028156154
2024-08-27 04:59:29,-3.691973271170935,-71.43277089859646,126.82940144379235, -4.482483842985082,-55.47863013393494,2.5438070924731093
2024-08-27 04:59:29,-3.6233989040283965,-72.03229041857044,126.7504968738071, -4.435736272380438,-54.799206027900915,2.56036702934271
2024-08-27 04:59:29,-3.4781694880467238,-72.59157048277608,126.68655641172278, -4.291327920220916,-54.17136110854157,2.515075650099511
2024-08-27 04:59:30,-2.6148890661056816,-75.25154986077116,126.59444911357832, -3.3470795042093204,-51.390606228492445,2.0900550115335776
2024-08-27 04:59:30,-2.51396617692646,-77.05663999099818,126.6699561436416, -3.298984817432471,-49.66020877776286,2.136868223822002
2024-08-27 04:59:30,-2.37627640444262,-77.99125523344198,126.67561450881995, -3.162396080536174,-48.727653138299324,2.0872368824105854
2024-08-27 04:59:30,-2.2039445739931574,-79.02151354312953,126.79654955427483, -2.9750370419273975,-47.81348883072112,1.9988608447093672
2024-08-27 04:59:30,-2.069157755074831,-79.89778329580408,126.86400612268598, -2.8297012434657147,-47.00109132114496,1.9306517031831494
2024-08-27 04:59:30,-0.9594963755568988,-86.21315023301035,126.5942823594371, -1.4808121473216111,-40.39057725745515,1.1279584479654625
2024-08-27 04:59:30,-0.7515549730588414,-87.8941160771503,125.59653684564687, -1.2287956478725286,-37.708797189684724,0.9721924068158514
2024-08-27 04:59:30,-0.6807563113492451,-88.6096444002466,125.1594592382393, -1.143028544939435,-36.55526989605739,0.918218260765614
2024-08-27 04:59:30,-0.6030831212476834,-89.28292574505109,124.92961958191437, -1.0347544749297828,-35.6511192763073,0.8408529503351762
2024-08-27 04:59:30,-0.5606836173981496,-90.00148331663466,124.5564385662447, -0.9884510057686235,-34.55893844268407,0.8140579990349663
2024-08-27 04:59:30,0.46271651115150103,-93.34002997010742,122.89111233796807, 0.9381302585654576,-29.554377766641878,-0.816085958397273
2024-08-27 04:59:30,0.7797159736615694,-93.59416746808752,122.50812550514384, 1.6123377301702386,-28.923561662430753,-1.4113110640948248
2024-08-27 04:59:30,1.2359202295311293,-92.52716554862317,123.00188022105036, 2.435862158447753,-30.49735879514395,-2.0991925096765653
2024-08-27 04:59:30,1.4533576191011996,-92.19261682068577,123.34822078179218, 2.807511914643069,-31.186078458389286,-2.4023140395318237
2024-08-27 04:59:31,2.05422167129546,-92.05028368724203,123.25162626131555, 3.960697728797128,-31.262084889090385,-3.3870661313820003
2024-08-27 04:59:31,2.8275169518794563,-91.56149018534009,122.86208829513521, 5.430574286066625,-31.415132530993166,-4.638292799627051
2024-08-27 04:59:31,3.388346315352319,-90.9917894194653,122.50278317596434, 6.462879044487535,-31.673992455552963,-5.506659103789641
2024-08-27 04:59:31,3.840279309788979,-90.36091899709214,122.13045501090448, 7.265668857537747,-31.976669931902382,-6.172464072296045
2024-08-27 04:59:31,4.49565135289517,-89.3669957164698,121.65039857710877, 8.37429898656706,-32.561367341509566,-7.072538536754454
2024-08-27 04:59:31,6.115447122606742,-86.4961465888437,120.31696146633261, 10.895839327367181,-34.30444723624288,-9.035007486438806
2024-08-27 04:59:31,6.408694301726269,-85.66331584461514,120.00965350414674, 11.259423710308928,-34.86684374158477,-9.277019997021426
2024-08-27 04:59:31,6.8166296758063085,-85.01825762232247,119.58125589794628, 11.898623134813239,-35.14661289744962,-9.775631698402897
2024-08-27 04:59:31,7.163402785123127,-84.26580131280367,118.92600584685422, 12.461668545721636,-35.30184743254424,-10.223756033814256
2024-08-27 04:59:31,7.501824390057022,-83.41068813764323,118.27193830870961, 12.973607106007837,-35.55916811506311,-10.615235975141145
2024-08-27 04:59:31,8.641019548883007,-82.44406777001896,117.78069477352612, 14.721612662492664,-36.24382800098654,-11.964479396073122
2024-08-27 04:59:31,9.07456917070272,-81.87444718983888,117.30476459013775, 15.403623255729874,-36.42615866328838,-12.499460500791821
2024-08-27 04:59:31,9.264774109072423,-81.37233140078318,116.63560422354819, 15.77756798489277,-36.30695661500493,-12.827196355681497
2024-08-27 04:59:31,9.130791236015137,-80.9815108171013,115.90596056134642, 15.681817014853811,-35.951102502851384,-12.804017438474643
2024-08-27 04:59:31,9.185145084771046,-80.56933226358673,115.16947632181922, 15.894723648259308,-35.65118053973142,-13.028312139924417
2024-08-27 04:59:32,7.830156885135847,-83.16763179276255,117.17625976611396, 13.81329272445033,-34.79244863373193,-11.415345110968829
2024-08-27 04:59:32,7.222671053063885,-84.4076704413642,118.00474353712457, 12.899759824830415,-34.27540895469429,-10.716680257597133
2024-08-27 04:59:32,6.875615510156273,-85.12719451030163,118.34490210706957, 12.413473814650267,-33.84178260912722,-10.360361898772373
2024-08-27 04:59:32,6.560755497920004,-85.7607067828488,118.64475261452405, 11.960040740348473,-33.45992798677893,-10.021942026389624
2024-08-27 04:59:32,6.416000051331577,-86.47569952656036,119.04618581559919, 11.798606949488153,-33.12801616245917,-9.9224374261401
2024-08-27 04:59:32,6.097261063368572,-87.34771519921874,119.50268781443707, 11.349118037312492,-32.666934387693445,-9.590307067975525
2024-08-27 04:59:32,5.79353617961006,-88.13714908784412,119.92143878709447, 10.90330460158872,-32.25349732545576,-9.252538450154583
2024-08-27 04:59:32,5.465517914078432,-89.07072841327651,120.46848121793789, 10.406879326932472,-31.821962308732367,-8.869633471254105
2024-08-27 04:59:32,4.742561858077357,-90.9986859919965,121.70552133636602, 9.228026162972842,-31.03554226184866,-7.925166527312854
2024-08-27 04:59:32,4.312172153689525,-91.80465214671618,122.26022932087892, 8.461493019314783,-30.730297588185824,-7.28714240062355
2024-08-27 04:59:32,3.759786472477079,-92.4394870756535,122.7696264151285, 7.414429980436088,-30.54025597810147,-6.395040607680926
2024-08-27 04:59:32,3.2909157762972305,-93.18774388622626,123.36305285459315, 6.526005840121569,-30.33741678485305,-5.638583041283793
2024-08-27 04:59:32,3.005628680301175,-94.12730042919392,124.19373887965759, 5.982880906417691,-30.202310029119005,-5.175485302651793
2024-08-27 04:59:32,2.4903063047898666,-95.81627759840583,125.81577226108715, 4.971314573408652,-30.09308699106255,-4.3039532605118405
2024-08-27 04:59:32,2.157736557133516,-96.51273954695222,126.55541686469357, 4.303839573755035,-30.112846641724936,-3.7247509045644613
2024-08-27 04:59:32,1.8086988374412665,-97.35247149000882,127.39407369004218, 3.6092738479584274,-30.09092565066599,-3.123893191971921
2024-08-27 04:59:32,1.4271560723431576,-98.17618105689152,128.15751583295472, 2.8541513622401244,-30.01212785098893,-2.4719768434675253
2024-08-27 04:59:32,0.8487905661582447,-98.97611762775725,128.8519755335887, 1.7036022922617078,-29.88680010954271,-1.4771509649713699
2024-08-27 04:59:32,0.1665000738802342,-99.4378429068546,129.54433434566062, 0.3319293749916925,-30.1069086651217,-0.28714990420197695
2024-08-27 04:59:32,-1.255538494436135,-100.44630569367436,130.7725303797812, -2.4854331390154445,-30.34973218589515,2.145166110643391
2024-08-27 04:59:32,-2.888447945808383,-101.22429580129685,131.66650508736234, -5.686942608374178,-30.565844446796717,4.900871910891441
2024-08-27 04:59:32,-3.5715149139932834,-101.57632877039072,132.04123855472648, -7.018088645908383,-30.653560566636017,6.045265124171431
2024-08-27 04:59:32,-4.349351765151064,-101.72940253934684,132.27658847573048, -8.510862745993299,-30.825630741678424,7.322640995341972
2024-08-27 04:59:32,-5.130438085143491,-101.98219282517351,132.56378282249835, -10.008099610075016,-30.967812812793824,8.604588702986566
2024-08-27 04:59:32,-6.752576012798616,-102.13523131138447,132.9520722495982, -13.013876817389162,-31.47676935767342,11.150846834026849
2024-08-27 04:59:32,-7.354642655464227,-102.59531955752794,133.52946679896843, -14.09489834114926,-31.711922307172323,12.057242131872483
2024-08-27 04:59:32,-8.065668773949167,-102.98059675333866,134.1074035155607, -15.330177713352803,-32.05301131615021,13.080326955689728
2024-08-27 04:59:32,-8.80908594613765,-103.22272739337805,134.35679829565964, -16.684790327572806,-32.23548598433188,14.22624343342163
2024-08-27 04:59:32,-9.523959699106413,-103.31724311738029,134.4398927872158, -17.98302371122979,-32.40691173684649,15.325167954220746
2024-08-27 04:59:32,-10.11832490669116,-103.55767134838479,134.74418290951047, -19.015376964826558,-32.62886656038545,16.184787798866722
2024-08-27 04:59:33,-10.558643982397543,-103.71936581940886,135.21011641410277, -19.638303398899446,-33.04042825877661,16.65359950881725
2024-08-27 04:59:33,-10.914717408279396,-103.99876504722202,135.90331232366242, -20.04552574166969,-33.53249104342764,16.9169261217771
2024-08-27 04:59:33,-10.695448118214392,-102.64532367379421,134.88497959225987, -19.49627242393481,-33.78499750808818,16.396928471608717
2024-08-27 04:59:33,-10.294312456184404,-101.35108878406446,133.7332292036532, -18.733586716983158,-33.808607530919915,15.737168517309373
2024-08-27 04:59:33,-9.889004242043832,-100.14366464239694,132.59395807716174, -17.998914818987085,-33.7654795752687,15.114630467498259
2024-08-27 04:59:33,-9.255173722230026,-98.16346220664693,130.64251579239857, -16.880718048777073,-33.6326388741675,14.17953960027134
2024-08-27 04:59:33,-8.949334378961169,-97.16605397607972,129.63589965619332, -16.34821488570635,-33.55004042524308,13.737417443135424
2024-08-27 04:59:33,-8.665406928384893,-96.19967389887242,128.70862255583478, -15.83216570756139,-33.5212366010396,13.301280505726096
2024-08-27 04:59:33,-8.251364683868864,-95.32901350900379,127.81680620439839, -15.109082389068265,-33.407697229702585,12.701173329255138
2024-08-27 04:59:33,-7.923777755113518,-94.47017992515046,126.92021696788801, -14.54199008770717,-33.30047877016813,12.232797890889259
2024-08-27 04:59:33,-7.336896935033403,-93.26904308137892,125.92890821207736, -13.419551129768585,-33.384581991769736,11.267241905897496
2024-08-27 04:59:33,-7.058205971918946,-92.44079964875742,125.33522749056522, -12.842953662125115,-33.55977935145789,10.756880506542107
2024-08-27 04:59:33,-6.8048983602066375,-91.64459236054975,124.69478970924615, -12.341996424456434,-33.66547227789229,10.320883820845642
2024-08-27 04:59:33,-6.65370909357863,-90.62420868153171,124.06626044643272, -11.951796538124455,-34.021948952903244,9.950880313872704
2024-08-27 04:59:33,-6.354504678013366,-88.48678695989392,122.77526439584767, -11.181966465939738,-34.80138037590807,9.219873510858442
2024-08-27 04:59:33,-6.20764298958927,-87.26156258232234,122.28187361778134, -10.732433262648819,-35.49691369666907,8.772234398389756
2024-08-27 04:59:33,-6.027837691940866,-86.11147865850737,121.97737145196095, -10.216787255638344,-36.30177916951972,8.264407922503487
2024-08-27 04:59:33,-5.873570881562569,-85.08323678217462,121.61376861603537, -9.805239326160134,-36.934660421618176,7.865176760412297
2024-08-27 04:59:33,-5.826081602406018,-84.1396815935531,121.45900789364987, -9.553648116858474,-37.70584430891603,7.584695548783046
2024-08-27 04:59:33,-5.765530171857613,-83.23036386121831,121.22660784512618, -9.314369637959285,-38.36575061368722,7.327872088189429
2024-08-27 04:59:33,-5.792844066761877,-82.44254608030086,121.06003597354055, -9.232651540492487,-38.98233128895512,7.201515828641826
2024-08-27 04:59:33,-5.857708748730293,-80.83775803687416,120.92037592680285, -9.05308262051858,-40.436819199637085,6.914652096254224
2024-08-27 04:59:33,-5.801247252415596,-79.88815488929733,120.74398678521202, -8.828164235918091,-41.19396458754378,6.665890572988816
2024-08-27 04:59:33,-5.674595955231204,-79.22281330874874,120.64781278393454, -8.54089641765613,-41.7422055122867,6.393726128532512
2024-08-27 04:59:33,-5.539984930636847,-78.76254146567432,120.77982180060725, -8.245105673756107,-42.31347896532715,6.116131985776913
2024-08-27 04:59:33,-5.435447616846612,-78.21158674999879,120.79937981935086, -8.003769600502052,-42.867339902446226,5.883895728111023
2024-08-27 04:59:33,-5.120899449578024,-77.30330425160476,120.61769079168681, -7.4426507820677195,-43.556404995499726,5.408086995961283
2024-08-27 04:59:33,-4.869448223685129,-76.44578320930444,120.54292266573647, -6.979734873661585,-44.31015117383442,5.006553882599258
2024-08-27 04:59:33,-4.719734052134877,-75.38758468619554,120.27298556618173, -6.672935960409947,-45.08013166846386,4.7225709455355425
2024-08-27 04:59:33,-4.776909722869576,-74.07008954779198,119.53346095815918, -6.686639849059322,-45.6588671912463,4.684354245829441
2024-08-27 04:59:34,-4.8251424451243174,-73.03177200402334,118.84425390239505, -6.714091456534691,-46.009528002939845,4.674261753280389
2024-08-27 04:59:34,-4.723046207738907,-71.43438680419646,117.44509681636652, -6.550837084588888,-46.19822493339083,4.544570629183683
2024-08-27 04:59:34,-4.693324605823303,-70.76378771426258,116.6721693704642, -6.520940491453792,-46.09420983603073,4.532256856586383
2024-08-27 04:59:34,-4.608398102335083,-70.36206603042575,115.88369550730282, -6.445363975677972,-45.70323556380422,4.5110201088536135
2024-08-27 04:59:34,-4.345594887526961,-70.58866912402203,115.40025069837766, -6.153985052143556,-44.97714465234997,4.361633078261408
2024-08-27 04:59:34,-4.017566439571374,-71.18837572471315,115.13459759196678, -5.778973164763557,-44.092103764501076,4.15740751509189
2024-08-27 04:59:34,-3.630639523855194,-71.78312628241129,114.82233255965612, -5.311492464265749,-43.16220994357317,3.8795057303462226
2024-08-27 04:59:34,-3.3672543745380965,-72.19148096284962,114.69100461048086, -4.977399408674644,-42.60736453590525,3.667641934276106
2024-08-27 04:59:34,-2.8386911933743133,-72.85797800713154,114.45905622833897, -4.271094616944591,-41.680201711415165,3.1925576370571034
2024-08-27 04:59:34,-2.342366653905472,-73.25828903741946,114.1091081674093, -3.5784342318884077,-40.90615106053932,2.706028562614043
2024-08-27 04:59:34,-1.68903712836595,-73.68920079186066,113.73579809252071, -2.62405634174581,-40.07620673494311,2.008480514369154
2024-08-27 04:59:34,-0.997434064304161,-74.1140507373162,113.4353465919335, -1.5738260838947387,-39.33189358345376,1.2174578298882928
2024-08-27 04:59:34,-0.18434717761955843,-74.4032073321894,113.3346143252235, -0.29336292976646594,-38.931774116720646,0.22820628030533685
2024-08-27 04:59:34,0.33880379726913556,-74.51277047381396,113.34819418745384, 0.5402735202745131,-38.83666799851452,-0.42084382848503266
2024-08-27 04:59:34,0.8015315385149533,-74.61274330655917,113.16492046503029, 1.2859666464174273,-38.55921162623395,-1.0056457544562567
2024-08-27 04:59:34,1.2219523261992866,-74.72900503878317,112.98882789380603, 1.9728653264645755,-38.27634229512418,-1.5489977151664143
2024-08-27 04:59:34,1.9586501735805446,-74.98602883516797,112.539150342055, 3.2114383639048327,-37.596641658619006,-2.545496102426455
2024-08-27 04:59:34,2.450601619971533,-75.1454927521301,112.21599651252758, 4.06104902730258,-37.13980695740892,-3.2393010968377154
2024-08-27 04:59:34,2.9632986758514615,-75.27794295889531,111.89500009517782, 4.960117219881029,-36.72002778749974,-3.979415845433437
2024-08-27 04:59:34,3.9921442142444934,-75.46751084736415,111.6444219442072, 6.742795703135691,-36.366592511063004,-5.4383806486189545
2024-08-27 04:59:34,4.453590579146338,-75.56972075822593,111.6213582797815, 7.538982763678158,-36.28862994315821,-6.089051619017496
2024-08-27 04:59:34,4.904845855166492,-75.69220823203327,111.59522763423811, 8.325516835589875,-36.191828637838825,-6.735554710519799
2024-08-27 04:59:34,5.540120308219059,-75.91545408725804,111.9607161685195, 9.360458567980393,-36.41141737481138,-7.556688034783945
2024-08-27 04:59:34,6.115713673414625,-76.26346423470727,112.48314243337158, 10.27793661709315,-36.662561728954536,-8.276153306844893
2024-08-27 04:59:34,6.659666424853605,-76.57099058716771,112.84122314965691, 11.164632404720336,-36.793846595328205,-8.981204483367671
2024-08-27 04:59:35,7.109192923545199,-77.5803182012115,113.75080313942345, 11.932251138155564,-36.76872083174575,-9.607970917190425
2024-08-27 04:59:35,7.389770990785965,-78.41959239249792,114.3972640454501, 12.449497387217438,-36.62814383652357,-10.047027341340057
2024-08-27 04:59:35,7.5213060793933035,-79.32536795726124,115.08517228045216, 12.731083569220166,-36.438749586634785,-10.301554800104245
2024-08-27 04:59:35,7.924544862277796,-79.92983203405221,115.88145295304021, 13.338176557513119,-36.69933637392483,-10.763361025095305
2024-08-27 04:59:35,8.525304685982935,-80.38349843924489,116.61276056917733, 14.23207284712409,-37.08466106720974,-11.438560553381937
2024-08-27 04:59:35,8.98703000354405,-80.85756963901645,117.31215686751483, 14.904671255598808,-37.39629303859351,-11.939720613806589
2024-08-27 04:59:35,9.15260547335428,-81.45787168193877,118.02760967181756, 15.131951580936192,-37.541994859193224,-12.101956789761863
2024-08-27 04:59:35,9.039540200497054,-82.19802836477491,118.77578873964583, 14.94773031036192,-37.52618024978247,-11.954602665211215
2024-08-27 04:59:35,8.761821942537102,-82.87425513070635,119.58402032594648, 14.458147254734648,-37.59730657299165,-11.54608662486742
2024-08-27 04:59:35,8.539045073992801,-83.39972251782146,120.3238909952475, 14.03250792897272,-37.76123149600521,-11.176968137131087
2024-08-27 04:59:35,8.511760102003056,-84.13826075867333,121.11362829973974, 13.972833873028902,-37.80563302844772,-11.122215649933652
2024-08-27 04:59:35,8.56560892681772,-85.2225226121803,122.01370026510328, 14.11696321055303,-37.63740193714171,-11.263569222852906
2024-08-27 04:59:35,8.613112079317187,-86.21833910562887,122.7023278164185, 14.291739664356118,-37.348957850942305,-11.448121161975056
2024-08-27 04:59:35,8.737661488915922,-87.52032890092855,123.66353741779741, 14.605589920996533,-37.043996425031644,-11.74952721843042
2024-08-27 04:59:35,8.78201237523447,-88.81939570979975,124.68067682580991, 14.77303949119106,-36.78038181420618,-11.926348745442219
2024-08-27 04:59:35,8.80949876959659,-90.1015772273999,125.74788167018843, 14.891938387258719,-36.57827865416533,-12.054577459751226
2024-08-27 04:59:35,8.694369354243523,-91.26223565321101,126.69285082529044, 14.777195754609167,-36.345792786466006,-11.995114035792934
2024-08-27 04:59:35,8.544493422591135,-92.22861011784104,127.62360171053173, 14.541820117671092,-36.28041613837664,-11.810788838334688
2024-08-27 04:59:35,8.480400106789869,-93.32255904540759,128.6223187487416, 14.468214622373589,-36.17512582183849,-11.765509809697921
2024-08-27 04:59:35,8.410611284072044,-94.15293238675092,129.14346501204938, 14.458265748638647,-35.86144600182589,-11.802878729396381
2024-08-27 04:59:36,8.296250303609963,-95.64556464375462,129.93970733568892, 14.509672267037919,-35.16365667236918,-11.945895852726654
2024-08-27 04:59:36,8.163847273413353,-98.51064388739326,130.70995104178417, 15.067910503686818,-33.10991003847618,-12.70792959052905
2024-08-27 04:59:36,8.236296017550458,-100.18501573588912,130.7015520169973, 15.910640843769105,-31.50472922599686,-13.66030425062634
2024-08-27 04:59:36,8.34674804858903,-100.97280887951239,130.559268971104, 16.549725265032382,-30.638427584060704,-14.341841071933514
2024-08-27 04:59:36,8.37356856646307,-101.94895519313602,130.3406370661317, 17.200555970269633,-29.50188577465642,-15.078828384881566
2024-08-27 04:59:36,8.391410538414176,-102.5525473795115,130.1855877071178, 17.64328325414164,-28.782756222720323,-15.57611698068284
2024-08-27 04:59:36,8.415377994253697,-103.16156421762555,130.06079989264418, 18.107647827760946,-28.090908253138224,-16.091701347268188
2024-08-27 04:59:36,8.33866116986263,-103.85783703146505,129.78327514275725, 18.533931838427744,-27.144864188774484,-16.61129961449814
2024-08-27 04:59:36,8.213270393699904,-104.50798197717593,129.54105834375468, 18.835127565375533,-26.26326484336513,-17.0088279022683
2024-08-27 04:59:36,8.002691390559095,-104.94810385347112,129.19151361531522, 18.90051823353016,-25.454130384514755,-17.179048439067056
2024-08-27 04:59:36,7.899714774347039,-105.55986832097703,129.0598542307532, 19.186845031200964,-24.720664827555176,-17.541208205943484
2024-08-27 04:59:36,7.861512039283012,-106.33681713802407,129.09120663354562, 19.64601525289558,-24.00578625221631,-18.061726895837268
2024-08-27 04:59:36,7.743397684520852,-107.01265710346823,129.13312586706965, 19.85499654432803,-23.372263239365736,-18.339163024658845
2024-08-27 04:59:36,7.47348164080928,-107.69877079297268,129.72274763534537, 19.28100407047533,-23.197566481497542,-17.824696454169555
2024-08-27 04:59:36,7.391353064934396,-107.72531241258281,130.32508958284072, 18.6529389593482,-23.717416942123837,-17.17404628934705
2024-08-27 04:59:36,7.448833362564015,-107.6834657630484,130.89908378518595, 18.349434615654708,-24.318233492763365,-16.817283255416775
2024-08-27 04:59:36,7.48050045910747,-107.55251161638579,131.52278103147881, 17.91111683310026,-25.04445442589366,-16.320958256600793
2024-08-27 04:59:36,7.413638006322958,-107.448550747444,132.0465998024035, 17.35920379849973,-25.624274372431515,-15.740750301878885
2024-08-27 04:59:36,7.341216737067399,-107.38806683717361,132.62421793412435, 16.813732178222768,-26.21492106536453,-15.1682050839906
2024-08-27 04:59:36,7.193013765213882,-107.3296688623021,133.17401534009105, 16.146263693833156,-26.76020530586122,-14.49385723419641
2024-08-27 04:59:37,7.257390834520645,-107.02180357427001,133.69368561204513, 15.838609600341798,-27.5716241176037,-14.116053408764325
2024-08-27 04:59:37,7.299167373355981,-106.60007159286788,134.1618237076503, 15.473425033466507,-28.438519781008136,-13.680881679355256
2024-08-27 04:59:37,6.889070621873481,-106.32759014172314,134.48874449010236, 14.359307915851625,-28.92441373009449,-12.629422144795829
2024-08-27 04:59:37,6.388806260971059,-106.04794609285187,134.78344948334825, 13.110421026678543,-29.377921452522102,-11.472300581452036
2024-08-27 04:59:37,5.857384750009313,-105.65217852350327,134.88493146777444, 11.86348534023634,-29.762910573708226,-10.334721944597913
2024-08-27 04:59:37,5.498114000614716,-105.16021910187142,134.31329471458832, 11.177204195456062,-29.622198739683146,-9.746432919091268
2024-08-27 04:59:42,5.527855317475738,-105.82575735675319,135.14061693960122, 11.181376850603892,-29.785944714892025,-9.734514463399593
2024-08-27 04:59:42,5.594020416660447,-105.37280531597192,134.27508437376, 11.455995296904028,-29.39273341973277,-10.013301595472122
2024-08-27 04:59:42,5.654017206880867,-104.85910064114908,133.4703328207872, 11.681048586832997,-29.118146411128375,-10.23817256196124
2024-08-27 04:59:42,5.733675517964443,-104.39493743874156,132.70826136201885, 11.952930899687933,-28.840892388647365,-10.505570501802422
2024-08-27 04:59:42,5.3302069040379045,-103.68241154367264,130.92196095506387, 11.521209402255831,-27.71695299373992,-10.228871745384053
2024-08-27 04:59:42,5.169476979537858,-103.36274120612039,130.10601589030745, 11.367620417659666,-27.20212771114848,-10.137994117021849
2024-08-27 04:59:42,4.945388591577431,-103.42004448765276,129.32866292583992, 11.201567720171932,-26.34430597086487,-10.063318625757367
2024-08-27 04:59:42,4.753101562198205,-103.46078438948668,128.44136506554617, 11.138399188602733,-25.400212064633788,-10.084932422661302
2024-08-27 04:59:42,4.713061795166763,-103.57635476921116,126.45860048847395, 11.970998577726554,-23.337006840532645,-11.016641737617068
2024-08-27 04:59:42,4.760392676619545,-103.43449574424194,125.76145638876854, 12.364269453174147,-22.803402733816924,-11.424319401135957
2024-08-27 04:59:42,4.846705531884393,-103.32436291396013,125.15197276772412, 12.846731482454446,-22.333540005959286,-11.911655062274962
2024-08-27 04:59:42,4.97285369332115,-102.83677825279437,124.39689552529804, 13.321161648253133,-22.09952458092866,-12.373759468290418
2024-08-27 04:59:42,5.044540753398042,-102.37540429163505,123.65202733095228, 13.672218750041468,-21.839433911684527,-12.724076007339308
2024-08-27 04:59:42,5.117614090717983,-101.96098063736584,122.95617039103199, 14.034002526625772,-21.582504783602975,-13.085121768336277
2024-08-27 04:59:42,4.9831803972309245,-100.93793027149201,121.66649454056554, 13.839165213499912,-21.293472411696015,-12.927235552106504
2024-08-27 04:59:42,4.935842243583046,-99.71916953741271,120.30010256050275, 13.802514481478644,-21.139533889949803,-12.9058319778667
2024-08-27 04:59:42,5.188048560846729,-98.64162208784853,119.21906279040954, 14.484673322046033,-21.193842966459414,-13.542277404578396
2024-08-27 04:59:42,5.191174030703972,-97.70026642403656,118.40208222856462, 14.413271706230953,-21.315013946550376,-13.464482516730369
2024-08-27 04:59:42,5.323465620160954,-95.9629444913802,116.85882351823012, 14.64128650673166,-21.533894495480265,-13.65896010284584
2024-08-27 04:59:42,5.2733838513981715,-95.13928337020256,116.34465380148512, 14.314791977856416,-21.82187337962566,-13.326976254507723
2024-08-27 04:59:42,5.312939004393349,-94.22023018957061,115.80755212693185, 14.184953474086928,-22.201138622895513,-13.171365370365367
2024-08-27 04:59:42,5.265386862028048,-92.57609536976263,114.82636841356327, 13.67889665912266,-22.83397218811075,-12.64276861437484
2024-08-27 04:59:43,4.979022336932177,-90.34929299958212,113.56930459101889, 12.460345219036771,-23.718908811606347,-11.436775523204291
2024-08-27 04:59:43,4.868901233479429,-89.20289793787617,113.0232407775949, 11.910148830218287,-24.284408201675703,-10.882616746520554
2024-08-27 04:59:43,4.780795617429563,-88.00748346461995,112.41961238589357, 11.439889352441224,-24.847682379895367,-10.405142748086227
2024-08-27 04:59:43,4.78251789121189,-87.08123863261173,112.09313650399642, 11.193108155249346,-25.43609932270034,-10.131742505700144
2024-08-27 04:59:43,4.829266580994384,-86.10976687024343,111.79707115862621, 11.029393296994742,-26.106987828256052,-9.927722607458263
2024-08-27 04:59:43,4.890918877936111,-85.12317338543146,111.48395828717383, 10.908139557432644,-26.778706738265832,-9.762092767458626
2024-08-27 04:59:43,4.872257701709243,-84.07978329188039,111.35451014304681, 10.5374062942124,-27.67359688481576,-9.354648496052501
2024-08-27 04:59:43,5.021931752980002,-83.08149292448569,111.1566868239168, 10.576284359687032,-28.484799426506523,-9.319921259813166
2024-08-27 04:59:43,5.199796801057064,-82.10574337966321,110.9000536055206, 10.699046155900088,-29.220429185158007,-9.363384045354985
2024-08-27 04:59:43,5.287711911432343,-81.30991281696119,110.87548033903767, 10.623556454179374,-29.99257392208368,-9.227260224669292
2024-08-27 04:59:43,5.286791272461308,-80.53105916019665,110.81195193546442, 10.39883298771612,-30.695751596387158,-8.967401336853055
2024-08-27 04:59:43,5.3353033986628375,-79.29635092596784,110.83406870498455, 10.123097179769758,-31.93989542534293,-8.615487414547609
2024-08-27 04:59:43,5.339240089427295,-78.80284370229396,111.02039669866227, 9.942854917090246,-32.60991783212448,-8.399852848851504
2024-08-27 04:59:43,5.093660524289813,-78.57272682731434,111.28691476454875, 9.365469910085423,-33.06477553349084,-7.869567550661846
2024-08-27 04:59:43,4.8688410832445,-79.52591125039011,112.02509834429306, 9.008784239048492,-32.822295149248085,-7.588902045377796
2024-08-27 04:59:43,4.9561409671753704,-80.59929805022357,112.91383245954755, 9.214250523002978,-32.65164378109825,-7.777545317089229
2024-08-27 04:59:43,5.12390293831589,-81.46557470529399,113.6088496928783, 9.56655799813473,-32.505833755666714,-8.089463958328531
2024-08-27 04:59:43,5.236628785085455,-82.27276392558875,114.26116901905931, 9.815589924606417,-32.36925454762573,-8.313624480594655
2024-08-27 04:59:43,5.296841158468284,-83.31110700213443,115.09292530494776, 9.98339516843561,-32.17453326141052,-8.4744711857048
2024-08-27 04:59:43,5.382538708791238,-84.11746484189604,115.74779151051986, 10.185110913348732,-32.038147693174,-8.659435195487495
2024-08-27 04:59:43,5.346861190385345,-84.84223510465053,116.06128802872662, 10.235677608585297,-31.627990305652855,-8.740848524294618
2024-08-27 04:59:43,5.269583261488545,-85.57077890031204,116.33132245024467, 10.222480161702165,-31.165004233406243,-8.772001851612918
2024-08-27 04:59:43,5.23242874243866,-86.37989377046645,116.62224396724751, 10.305235945340952,-30.649398836299735,-8.890431979040216
2024-08-27 04:59:43,5.029150120435183,-88.40492407007703,117.34336344676075, 10.307717964057304,-29.33490112439043,-9.00919509429863
2024-08-27 04:59:43,4.882776671942752,-89.1779034663426,117.65140069318406, 10.158805757919922,-28.854546934439266,-8.919238546963596
2024-08-27 04:59:43,4.684884426337525,-90.1441357524291,118.06457218704878, 9.927016664067176,-28.279546171699742,-8.761789085280205
2024-08-27 04:59:43,4.3961290023693955,-90.76204495803265,118.5297636275872, 9.370138809739352,-28.08619402630333,-8.283020270606684
2024-08-27 04:59:43,4.185612435085745,-91.3213693256467,119.25091972223844, 8.880385295517938,-28.216458436608672,-7.839093240544179
2024-08-27 04:59:44,4.123426052164663,-91.94131919565305,120.34330191399035, 8.618354101458534,-28.67505499932282,-7.5744692667591655
2024-08-27 04:59:44,4.232944422964319,-92.19606271811463,121.20183639046286, 8.678493801233527,-29.286425144054466,-7.583087468044735
2024-08-27 04:59:44,4.349187089582962,-92.24928304191403,122.38157571785513, 8.614914033292449,-30.41534091336894,-7.4436480097456
2024-08-27 04:59:44,4.652346464850975,-92.09162393307864,123.20400391365507, 8.949969258570071,-31.423768598043786,-7.654187772732758
2024-08-27 04:59:44,4.891972931845764,-92.01926335565818,124.27568155347561, 9.110753701831559,-32.58563097998948,-7.695360714420239
2024-08-27 04:59:44,5.000609648723917,-92.01209205468396,124.93736905384294, 9.144969775139533,-33.26054000259953,-7.666411279134972
2024-08-27 04:59:44,4.706253136019252,-92.48935124355084,125.77146031445452, 8.53184507011436,-33.57525091838173,-7.124456740407954
2024-08-27 04:59:44,3.9526341246184264,-93.80780007344374,127.08058038748155, 7.178266642356709,-33.47989944814154,-5.9967744218577685
2024-08-27 04:59:44,3.541407877701783,-94.54327076008984,127.73684897414927, 6.449556463706976,-33.360445476558525,-5.393726728624056
2024-08-27 04:59:44,3.901495143003081,-94.1476097798552,127.86761813857889, 7.003800637017434,-33.91844271419086,-5.820994945204935
2024-08-27 04:59:44,3.8366303586898356,-92.58940639100669,125.86551046574547, 6.968453932186019,-33.471255137671825,-5.821539415488565
2024-08-27 04:59:45,3.610018998864346,-91.94149898692964,124.70324849035521, 6.649872510532655,-32.93799994617975,-5.588374575706301
2024-08-27 04:59:45,3.2519501508399067,-90.97070022413757,123.34825106150575, 6.0566505876059775,-32.522766950738855,-5.11233039788813
2024-08-27 04:59:45,2.8615500337165747,-90.23572562911829,122.32094158227352, 5.375810203605942,-32.198991079387895,-4.55281355441269
2024-08-27 04:59:45,2.4197876726135266,-88.5679548144081,120.3123744950128, 4.592089047979894,-31.826902511554252,-3.9039691136397967
2024-08-27 04:59:45,2.4879969085863065,-87.73630350059624,119.48295334013999, 4.720818466855544,-31.833834190278893,-4.013243864286531
2024-08-27 04:59:45,2.615046770371498,-86.98616859710394,119.15697731790017, 4.902803977087028,-32.265540273597956,-4.148611079369472
2024-08-27 04:59:45,2.780485264391504,-87.30046274890795,119.87465900824277, 5.15453854887216,-32.679623047016314,-4.342001507982335
2024-08-27 04:59:45,3.0583674642816012,-89.95329697312695,122.50750982501198, 5.670486827015423,-32.68181950043932,-4.7772899554539165
2024-08-27 04:59:45,3.023061919989568,-90.76521483653977,123.29922087522756, 5.608403798011162,-32.65878585524804,-4.726100919527775
2024-08-27 04:59:45,2.9255468987486912,-91.64144581297755,124.06046493488735, 5.445313447233625,-32.53641033494607,-4.5946677298742795
2024-08-27 04:59:45,2.8523440958212314,-92.4305237534813,124.70954566236719, 5.330027947596312,-32.3912249803526,-4.504453639845527
2024-08-27 04:59:45,2.7352527471854233,-95.27615244341453,126.36767086367149, 5.285685557717478,-31.199596501763377,-4.52464644638561
2024-08-27 04:59:45,2.670575992148614,-96.43469241467577,126.88906446046877, 5.25795510380342,-30.560039447399756,-4.5308929222088
2024-08-27 04:59:45,2.5038924837077086,-97.43197238326572,127.14024680146689, 5.042565765174837,-29.80400635158567,-4.378378915993626
2024-08-27 04:59:45,2.290620764138735,-98.56363575906171,127.49179399947168, 4.7272683222400875,-29.01088812126038,-4.136331918188206
2024-08-27 04:59:45,2.2410388109860144,-99.26518170481548,127.55291726154633, 4.720632753282498,-28.36905611908416,-4.155830847376534
2024-08-27 04:59:45,2.131335396674169,-99.95548015319225,127.23295075634832, 4.642483194045505,-27.354240331349107,-4.12527727507671
2024-08-27 04:59:45,1.8946819964994353,-100.3677979353763,126.63444589564119, 4.274901548934492,-26.330049653908706,-3.832795337767971
2024-08-27 04:59:45,1.6649396420937004,-100.2719505067308,125.55021732652199, 3.8941107839581313,-25.329440452035502,-3.520733563791345
2024-08-27 04:59:45,1.5753318738744007,-99.4206742230842,124.49035205297824, 3.713587777072089,-25.115930793700386,-3.363319032705463
2024-08-27 04:59:45,1.6920626782716508,-97.74768600820033,122.80445919800948, 3.989973200667973,-25.110158414174492,-3.613946342750377
2024-08-27 04:59:45,2.191803531195633,-96.410633435144,121.88976870551528, 5.08415694774484,-25.566958808846515,-4.588564592273013
2024-08-27 04:59:45,2.5090154222834817,-95.35596489119166,121.03482234626244, 5.774202065829373,-25.792859056242413,-5.2022650830824055
2024-08-27 04:59:45,2.4079418279003404,-93.60060805415674,119.95782857393158, 5.410757663036092,-26.459144374070156,-4.846849861995679
2024-08-27 04:59:45,2.237211471288506,-88.7428430537643,117.53808873947234, 4.636804646307113,-28.874601002977485,-4.062417139692602
2024-08-27 04:59:45,2.253559171783312,-87.66862521204338,117.6386670669506, 4.504230324097542,-30.04679752694041,-3.9009501741722747
2024-08-27 04:59:46,2.280483335702187,-86.50566162300439,117.411898029953, 4.4333708996901695,-30.98195497606227,-3.8028690636411664
2024-08-27 04:59:46,2.280675019337318,-85.94728394452389,117.97111037346653, 4.295163132389996,-32.096317896759416,-3.640597552093366
2024-08-27 04:59:46,2.3422515184149724,-85.73616830532669,119.0319559945689, 4.261200898343841,-33.36860245657269,-3.560724130115526
2024-08-27 04:59:46,2.406720895624516,-85.20419170219358,119.63178440637847, 4.2516228195773245,-34.50125919530771,-3.5058840276741794
2024-08-27 04:59:46,2.4097195573837613,-86.04756210794946,122.44445815256259, 4.056642001220983,-36.46556967746506,-3.264334682464339
2024-08-27 04:59:46,2.6726909894091198,-87.06690466973556,125.14391000901546, 4.3286106114734535,-38.15648744848311,-3.40617250016053
2024-08-27 04:59:46,2.6997339304952264,-88.61384795737713,127.0308959910125, 4.339633301791892,-38.49716274110584,-3.398883171131198
2024-08-27 04:59:46,2.705554182879488,-93.79369165301715,131.5707228382703, 4.411130187916534,-37.85936042420373,-3.48526587406725
2024-08-27 04:59:46,2.5671927409594355,-95.7323099920384,132.9160888712669, 4.2427646267729,-37.25951507714835,-3.379085213112402
2024-08-27 04:59:46,2.3449382094095874,-97.45062781435516,133.5533970946611, 3.9754603278810485,-36.168506290061984,-3.2111226455325133
2024-08-27 04:59:46,2.1508549619597215,-99.33915215230763,133.63432249248143, 3.81340502179172,-34.35431105335989,-3.1496892268318515
2024-08-27 04:59:46,1.9119779013766731,-101.15558628071904,134.01582530417107, 3.5206587244320566,-32.90958909938642,-2.956792920121444
2024-08-27 04:59:46,1.3872873154251226,-103.80743731977839,131.81043732488496, 2.9526675171573094,-28.034564939012164,-2.6067235140309033
2024-08-27 04:59:46,1.3300933782015494,-103.14213797601093,130.22853564210016, 2.919137156629788,-27.116568377847287,-2.5987356012551497
2024-08-27 04:59:46,0.9569288301178348,-101.11803329683232,126.62219272771142, 2.221528407906382,-25.520904475895392,-2.004956230710112
2024-08-27 04:59:46,1.1334530306766846,-97.13735321860815,121.91070961644914, 2.7032906616360695,-24.79763750962225,-2.454353387364093
2024-08-27 04:59:46,1.2228077195181792,-95.37117415095855,120.63134973215273, 2.8635829748423705,-25.287814651247317,-2.589568890386672
2024-08-27 04:59:46,1.2329814564125967,-93.67087265501513,119.53909040249138, 2.8241239205897015,-25.895563385507288,-2.5409505012846925
2024-08-27 04:59:46,1.2414417291306505,-92.21338130063108,118.35937133008252, 2.815406333535341,-26.173373402937436,-2.527119865288122
2024-08-27 04:59:46,1.080751657009306,-87.98848674139327,116.16899967024595, 2.2875663129167614,-28.19953174868835,-2.01628810003131
2024-08-27 04:59:46,1.236889115697358,-87.09741347658893,116.15215208135196, 2.545619210042937,-29.078760004936505,-2.225095884756097
2024-08-27 04:59:46,1.3445279614190433,-86.08773490562226,115.81050295791626, 2.7102890770664283,-29.75038725095748,-2.3534927890591812
2024-08-27 04:59:46,1.6105257485961157,-85.3806928256497,116.435065204494, 3.1198093477984328,-31.091939762814057,-2.672320782811997
2024-08-27 04:59:46,1.8459751064354943,-84.8866940407238,117.38235061944924, 3.4331368190739395,-32.54230848182106,-2.8951174673535105
2024-08-27 04:59:46,2.633742921386622,-84.25822950544494,120.17883478175212, 4.483349533662696,-36.00406683063305,-3.6294770081797507
2024-08-27 04:59:46,2.669715192561476,-84.7504658747932,121.40328854237745, 4.46631946284368,-36.7363145494147,-3.581887660537711
2024-08-27 04:59:46,2.7756097425942414,-84.91416505444762,122.38571974395298, 4.556333389481201,-37.559156388389674,-3.614746203966469
2024-08-27 04:59:46,2.939909179685066,-85.84600258186981,123.67190875873324, 4.786912663799459,-37.92292567989951,-3.7794190670363763
2024-08-27 04:59:46,2.978332354138834,-90.11437014308846,126.84790073865952, 4.971678408019907,-36.837107782818215,-3.9826393412343113
2024-08-27 04:59:46,2.9191733512810103,-91.41575986488128,127.05988546776132, 5.000915850941281,-35.74767550357325,-4.062249644916082
2024-08-27 04:59:46,2.8617326942333747,-92.6211267504555,127.48920745857782, 4.997208787499998,-34.97049533085689,-4.098360162413872
2024-08-27 04:59:47,2.788271856804312,-93.36340395922689,127.44502349759172, 4.967189750865266,-34.18174635979765,-4.112404552192645
2024-08-27 04:59:47,2.3742351458260416,-94.54539679325119,126.53162005276116, 4.475538546214763,-32.064891396486594,-3.7949570859034436
2024-08-27 04:59:47,2.1585764403140373,-94.15838098545981,125.87735362593713, 4.100610559198027,-31.784691560331936,-3.487307040552852
2024-08-27 04:59:47,1.8435434052801327,-93.55981589005145,124.97405566829403, 3.533699428190791,-31.462763781286856,-3.0152143548949084
2024-08-27 04:59:47,1.7315571847721507,-92.68823340195934,124.46587227592106, 3.2854285410868544,-31.81984721922501,-2.7925123143781985
2024-08-27 04:59:47,1.7687768458921602,-91.72006266061918,124.18391903387867, 3.2926562379690343,-32.50674291379853,-2.7776726051596383
2024-08-27 04:59:47,1.9419622008737598,-91.07296106308962,124.21004132373996, 3.5493310279391057,-33.187454132396965,-2.9715173947279823
2024-08-27 04:59:49,2.279533122030971,-91.183078048256,124.98611990937933, 4.09256493804673,-33.87070257201649,-3.399840785359948
2024-08-27 04:59:49,2.1396690935334757,-91.74539136179462,124.54644029130849, 3.945332771538475,-32.862980974245886,-3.3155057725290664
2024-08-27 04:59:49,1.8935764740882635,-92.23122565217258,123.90281722341204, 3.6030273946537528,-31.72227056700154,-3.065876329862011
2024-08-27 04:59:49,1.8151767561848342,-92.59606058755682,123.62393159838885, 3.5182539768116428,-31.075634490748737,-3.014346536520377
2024-08-27 04:59:49,1.681900779294334,-94.75382912450144,122.12741066164838, 3.6540619336336704,-27.42121750207556,-3.244441821491164
2024-08-27 04:59:49,1.8498666614098873,-95.3245965724847,121.68383938854353, 4.160506243592902,-26.419439280882603,-3.727282451895351
2024-08-27 04:59:49,1.950718300495018,-95.76169114690879,121.20858131536147, 4.532271339757826,-25.51658179630633,-4.091778764108441
2024-08-27 04:59:50,1.9942374469258684,-96.1315034290629,120.78418533377648, 4.771874486657156,-24.728185990103373,-4.336058002959293
2024-08-27 04:59:50,2.017628920161281,-95.71719759797784,121.00065435225106, 4.715334384130664,-25.35855401282672,-4.262753366782636
2024-08-27 04:59:50,2.198110810761739,-95.46928401657713,121.38303608789101, 5.019387236804342,-26.00038791175528,-4.513596914630462
2024-08-27 04:59:50,3.086364473499589,-93.82976609702463,122.53948197784139, 6.404358869230339,-28.86108763559416,-5.6143280899468015
2024-08-27 04:59:50,3.3981310659041783,-93.50026622761571,122.9894306173651, 6.878012298966977,-29.666812958953606,-5.9834585726078
2024-08-27 04:59:50,3.4543108366028408,-92.94778742057994,123.19396602683183, 6.833386283080977,-30.42423004622088,-5.899585948625413
2024-08-27 04:59:50,3.4882141924668697,-91.66753413011897,124.14931913049644, 6.475684724698377,-32.64814475713617,-5.459277243537596
2024-08-27 04:59:50,2.9025925399308448,-91.95914552923142,124.11058433104716, 5.442613249151249,-32.268195895193465,-4.605991252427591
2024-08-27 04:59:51,2.460248019108014,-91.74510615661008,123.33221232821764, 4.6893644109800965,-31.672890895564155,-3.993384994697875
2024-08-27 04:59:58,2.284972326789519,-94.047128534536,123.76417669213131, 4.6019516712283925,-29.79676513016611,-3.995663680154781
2024-08-27 04:59:58,1.8639705559092137,-94.52309620615458,123.53399412658258, 3.839029744976146,-29.065519887494197,-3.3567453645745275
2024-08-27 04:59:58,1.22293647310968,-95.07302541178458,123.08591913999041, 2.6024236980401785,-28.03741561777793,-2.2973543665575704
2024-08-27 04:59:58,0.48428727766491986,-95.5113111966264,122.50250085733293, 1.0669584893675106,-26.995207756065277,-0.9507301282519053
2024-08-27 04:59:58,-0.10920051194572822,-95.8708024682268,122.03913609949166, -0.24761341565218875,-26.168545409914096,0.22223346193110627
2024-08-27 04:59:58,-0.4283420054972283,-96.12278913690525,121.43565419029736, -1.0017435779056472,-25.316250091797787,0.9055543052268104
2024-08-27 04:59:58,-1.0522948544150248,-96.3336341810103,120.3481584422639, -2.584229969000821,-24.036203615136742,2.3604123800198122
2024-08-27 04:59:58,-1.3375222075540334,-95.53935529554201,120.0854521272171, -3.2168468687093767,-24.580256759876114,2.9258662816628416
2024-08-27 04:59:58,-1.2408977721097303,-94.70427747103123,120.22137279878527, -2.878606962082122,-25.545230501284415,2.597615434500985
2024-08-27 04:59:58,-0.9878519407076775,-94.03304576482545,120.4303028430266, -2.2210347183065213,-26.414408733946406,1.9893556603286697
2024-08-27 04:59:58,0.5438987803098899,-91.20603734297039,121.82906687774654, 1.0676593564007155,-30.627390412787456,-0.9187469583893362
2024-08-27 04:59:58,0.9443509656819836,-90.78199693802162,122.2563110301342, 1.808261789325808,-31.487024033051647,-1.542150226478948
2024-08-27 04:59:58,1.2985850009089634,-90.28944196379493,122.59850496611249, 2.428556378722448,-32.33232471169692,-2.0523850580706124
2024-08-27 04:59:58,1.7545955066145633,-89.89914764961877,123.06865245150013, 3.2046364433066943,-33.2105821943945,-2.682039977521594
2024-08-27 04:59:59,1.9998370581113063,-88.91313125967773,123.64024218512569, 3.507565777900939,-34.7774263209796,-2.882194247610437
2024-08-27 04:59:59,1.984156681605333,-88.75973568810562,124.15955637532873, 3.4225132974052213,-35.4481307448663,-2.789234704890548
2024-08-27 04:59:59,2.2357113699149207,-88.93482421310347,125.39916757589619, 3.7582929342304916,-36.52331971910225,-3.0217538067570517
2024-08-27 04:59:59,2.722032862595662,-89.8613215447656,125.46322542740175, 4.668986128058556,-35.692097243787394,-3.7948396294014572
2024-08-27 04:59:59,2.747725125738163,-90.9068365213122,122.66519731946896, 5.210055327694249,-31.864617367106256,-4.428286875054146
2024-08-27 04:59:59,2.4241523462100547,-90.61705907963528,122.06294824656199, 4.639311081489383,-31.529639315692116,-3.9567712466268943
2024-08-27 04:59:59,1.6827260691592336,-90.28930828801606,121.35257866505466, 3.258616164107506,-31.104264893112173,-2.7909231967505583
2024-08-27 04:59:59,1.9054580420944283,-89.66674934158169,122.49384112845965, 3.511812457809115,-32.87616831001956,-2.9504688648360577
2024-08-27 04:59:59,1.9497447352064465,-89.78071325459543,123.11402758939926, 3.5449996099781953,-33.38371500861059,-2.961233421440841
2024-08-27 05:00:00,1.8617781223757048,-90.52973085362025,123.3805241442611, 3.429253163477738,-32.89760472017111,-2.8803611201034056
2024-08-27 05:00:00,1.7840994789839957,-91.11666334779753,123.37499221524229, 3.339946209411661,-32.30230829298339,-2.8239702148462804
2024-08-27 05:00:00,1.6088015402324582,-91.84463755088716,123.87738833445829, 3.0311293689928385,-32.06883056074422,-2.569287457066682
2024-08-27 05:00:00,1.489384185944855,-92.64398312435831,124.41897647834773, 2.8267258294600874,-31.806229581116074,-2.402793016635265
2024-08-27 05:00:00,1.5317710976475918,-93.15171150466051,124.19674799803265, 2.9682578058142077,-31.079034119588986,-2.5427883141724816
2024-08-27 05:00:00,1.6074384545121736,-93.4112358472207,123.72991782144375, 3.1818108766973,-30.357215416341145,-2.7462777040372623
2024-08-27 05:00:01,1.3109377359860233,-92.08007059523138,123.31454592073331, 2.526926158667763,-31.259195255940718,-2.1604658460299495
2024-08-27 05:00:11,1.7089265332500778,-92.3169283573526,124.03894758423579, 3.247635911836564,-31.76322139481185,-2.762059355643933
2024-08-27 05:00:11,1.359920454889243,-92.67324828854355,123.60056246808003, 2.644632979050211,-30.954239371277055,-2.2684061288886763
2024-08-27 05:00:11,0.33002100258436906,-92.33699133085472,123.05843905353416, 0.6459844140301891,-30.723047061446003,-0.5553246001145955
2024-08-27 05:00:11,-0.2054610613130441,-92.65752580831179,123.46569861639429, -0.4011567184797995,-30.808790579435602,0.34454749152818365
2024-08-27 05:00:11,-1.5095170888438885,-94.1798963379118,125.84489097068587, -2.873788143181012,-31.697218518611887,2.445690210791639
2024-08-27 05:00:11,-2.392540922417513,-94.63098403733457,126.28283713030154, -4.552383366822415,-31.732782506214935,3.874102412171614
2024-08-27 05:00:11,-3.213634210200664,-94.48831056303004,126.06292466943759, -6.120531848579127,-31.72091186679583,5.211714697384896
2024-08-27 05:00:11,-3.85431318474508,-94.46835025379193,125.98579202511979, -7.343695799712627,-31.728140681368835,6.2556560544077
2024-08-27 05:00:11,-4.441746516574112,-94.48802329892936,125.81136552588202, -8.498286547714873,-31.604972869513553,7.252398492316518
2024-08-27 05:00:11,-6.336764732344813,-95.43399362752956,125.70097640659657, -12.42519511238996,-30.861552646727752,10.709809548728133
2024-08-27 05:00:11,-6.966448853263794,-95.39756318113845,125.5294962500823, -13.680340457524732,-30.85290517073978,11.802941227723078
2024-08-27 05:00:11,-7.505126847307578,-95.2278920266339,125.31548299111031, -14.723929357785586,-30.924248706083986,12.704106846194549
2024-08-27 05:00:12,-8.026428874638835,-95.83048959111514,125.63119488731638, -15.840421609948407,-30.76656396424314,13.701449994380429
2024-08-27 05:00:12,-8.70477301336884,-95.80380347411986,125.64973265147594, -17.100384527623333,-30.97679310779686,14.776333257883152
2024-08-27 05:00:12,-8.277717217646696,-95.70663065788271,125.19927285312743, -16.46336563751693,-30.53141223207085,14.281059127806706
2024-08-27 05:00:12,-7.741434043322791,-95.02291518832703,124.60254300850448, -15.397050903637762,-30.486992067212377,13.350250697742943
2024-08-27 05:00:12,-7.269895752621867,-94.22738352408896,124.06956733481303, -14.378795792776337,-30.635511845582002,12.439142167989864
2024-08-27 05:00:12,-6.525583794812528,-93.26938246415403,123.34848094754355, -12.856429963213401,-30.71394421340392,11.101315860270137
2024-08-27 05:00:13,-5.862274425773933,-92.25738416215415,122.5363424041062, -11.510009905264269,-30.788293652905416,9.92262905432278
2024-08-27 05:00:13,-5.328132210388903,-91.38508415106816,121.84128993925316, -10.425435888986048,-30.874624057748235,8.974039197706258
2024-08-27 05:00:13,-4.578575977107294,-90.27526094017418,121.16388221362644, -8.86623047992082,-31.19291719494921,7.60064804072599
2024-08-27 05:00:13,-3.9945835826827825,-89.39043401629158,120.75842972941825, -7.640866160321597,-31.59557482497494,6.518824372664903
2024-08-27 05:00:13,-3.358805800950506,-88.66276734257062,120.59376108815223, -6.331960063904328,-32.08857749224001,5.370773834977874
2024-08-27 05:00:13,-2.905806176922798,-88.37414477615253,120.7447702528971, -5.415887816619587,-32.48665638499294,4.572315186058695
2024-08-27 05:00:13,-2.221497105120643,-87.59267914060709,120.71817243288322, -4.060369536249273,-33.19142646278155,3.3996094946120614
2024-08-27 05:00:13,-1.7380959087834895,-87.15265938142842,120.75520441204621, -3.1384179141446142,-33.64219702471151,2.6135771197500763
2024-08-27 05:00:13,-1.1910513365626547,-86.36682568186666,120.81777884786945, -2.1048008827123734,-34.46899395107742,1.7355164565273085
2024-08-27 05:00:13,-0.8306621469409753,-85.6656524081683,120.85937675293921, -1.441061049667335,-35.2022611324545,1.177605413265791
2024-08-27 05:00:13,-0.5762157190103147,-85.01136127684808,120.82331291721314, -0.9847068441262176,-35.815967074221696,0.7985264627288099
2024-08-27 05:00:13,-0.1392267570707582,-85.31202570332154,120.73314071603252, -0.24021851683843898,-35.42135285478693,0.19575730222043908
2024-08-27 05:00:13,0.06011684135482859,-86.00490845857682,120.7745370435326, 0.10541660954345111,-34.769674014104865,-0.08659462861458161
2024-08-27 05:00:13,0.013336964179795782,-86.76074466093351,121.22815383699377, 0.023566147807930857,-34.46741143735073,-0.019429068834867017
2024-08-27 05:00:14,-0.1565055030410923,-87.74799219955781,122.00891471997751, -0.2780019378007667,-34.26123632462034,0.22976343537639327
2024-08-27 05:00:14,-0.24389953894820193,-88.99935170441253,123.20849654390747, -0.4338130199809596,-34.209908433309366,0.3587583150749487
2024-08-27 05:00:14,-0.2666637183738533,-89.76001243997581,123.8814512636524, -0.4753723088936815,-34.12235461815384,0.39353578185167415
2024-08-27 05:00:14,-0.1874089217517556,-90.54813762025725,124.34924108397385, -0.3368749169016391,-33.80156128301314,0.2799337156346876
2024-08-27 05:00:14,-0.3073113417558255,-91.26197299987143,125.04576596146802, -0.5526462290672277,-33.78502478819525,0.4593251755644689
2024-08-27 05:00:14,-0.5224970097849995,-92.10628158472036,125.67070293621872, -0.9449963254113447,-33.568011795186784,0.7874211819098323
2024-08-27 05:00:14,-0.08777871898576059,-93.13397500271651,126.08983458043069, -0.1613597849100361,-32.95596329246568,0.1353953138840246
2024-08-27 05:00:14,0.86654405663557,-93.66057054511828,126.37069932303878, 1.6032595327088235,-32.720330277641736,-1.3489556245709884
2024-08-27 05:00:14,1.768308759942251,-93.86901834393078,126.58626852724392, 3.26914193669551,-32.75969883477934,-2.7500499753587673
2024-08-27 05:00:14,2.1109951809122567,-93.29238198170697,126.11773486805318, 3.890024458122638,-32.885581637715745,-3.2681530061250514
2024-08-27 05:00:14,2.2520799252421733,-92.63371437531109,125.44332758686686, 4.151148271073011,-32.87819406431411,-3.488041828601294
2024-08-27 05:00:14,2.7751362249285,-92.26628739284283,125.38081620544384, 5.070440364573372,-33.217405682090394,-4.245242620384103
2024-08-27 05:00:15,2.507598674025381,-91.81018639667795,125.62102844065889, 4.500002981714133,-33.892677386672396,-3.737766656944049
2024-08-27 05:00:18,2.6000261729061687,-91.13670207391107,125.56877762657675, 4.591630218288946,-34.51802097124531,-3.7858650869337978
2024-08-27 05:00:18,2.7490334961877636,-90.61532849552682,125.83988139887771, 4.758840678846733,-35.31783098722583,-3.885996977393965
2024-08-27 05:00:18,3.063746495159588,-89.49698018817762,126.40474187811077, 5.093160301502813,-37.0166651098766,-4.070569990541042
2024-08-27 05:00:18,3.2223782868104984,-88.92641070276984,126.67214553634393, 5.254735945734727,-37.86259909556773,-4.152917335305183
2024-08-27 05:00:18,3.4052153315780265,-88.64926987097802,127.28381140362531, 5.44399962860267,-38.76093156356187,-4.2500494733642356
2024-08-27 05:00:18,2.6538739567758176,-89.22818487826291,128.13743131252633, 4.220690676493733,-38.985316048288595,-3.283122609591719
2024-08-27 05:00:18,2.556123278748535,-89.68152741627542,127.80423624846189, 4.136041707172114,-38.19529646330999,-3.252706013765225
2024-08-27 05:00:18,2.3593421943312833,-89.95203180112179,127.15251643089314, 3.8984613357727262,-37.264425094049784,-3.1043443510973825
2024-08-27 05:00:18,2.1193954554225742,-89.89427443199277,126.5635322688223, 3.546002909304548,-36.72186738595627,-2.8435872548052132
2024-08-27 05:00:18,1.4309794547851924,-90.63463939479948,126.31476948284798, 2.4524294159127416,-35.705007623248235,-1.9918666817446344
2024-08-27 05:00:18,1.376330479302362,-91.05954138193476,127.0536826201766, 2.3410298330709463,-36.01689145934624,-1.8938915155339642
2024-08-27 05:00:18,1.0672740686170805,-93.26683104708668,127.33927932378387, 1.9045461760143605,-34.08714203932352,-1.5775012021443315
2024-08-27 05:00:18,0.557758732521173,-94.69908158553643,125.75954827532857, 1.0809543474935173,-31.064973787776644,-0.9259560367212062
2024-08-27 05:00:18,0.3484032002458107,-95.0853338776476,125.33104579295117, 0.6916500316459506,-30.24752855378795,-0.5974942480928537
2024-08-27 05:00:19,0.16374577028108417,-95.39260709549013,124.9000990812946, 0.3324506739984245,-29.507905423383793,-0.2893285351703201
2024-08-27 05:00:19,-0.5366442020234542,-96.00082873851332,123.69697158115238, -1.1544912574953492,-27.70093007542743,1.02220038134614
2024-08-27 05:00:19,-0.5359743463583504,-96.66231157017594,123.6568088483257, -1.1806748123904756,-26.999418045613353,1.0520250931218253
2024-08-27 05:00:19,1.5783595670621207,-95.06045869566672,123.04235246347459, 3.360982171795712,-28.022781880652655,-2.967694490033125
2024-08-27 05:00:19,2.1198466258653306,-94.46212744956371,122.9331971313689, 4.439901942997826,-28.543290285517752,-3.902041746442599
2024-08-27 05:00:19,2.534238848487138,-93.96785627930198,122.80302980700218, 5.243321739358129,-28.936792013327786,-4.591711359900734
2024-08-27 05:00:19,3.166682730259159,-93.3242060609666,122.73399539416461, 6.428230972874602,-29.564621653734477,-5.5969811286452495
2024-08-27 05:00:19,4.75962728118068,-91.36372959698494,122.4020161256536, 9.173151160097838,-31.365071263271144,-7.850775103204613
2024-08-27 05:00:19,5.597646571586427,-90.50365210524535,122.59858407139558, 10.451448296960102,-32.52796293385261,-8.840153477145229
2024-08-27 05:00:19,6.213523493309979,-89.51911885958127,122.5008779065141, 11.309849954003411,-33.49685834500997,-9.468749811875874
2024-08-27 05:00:19,6.718318881493531,-88.4238886986174,122.29655248893984, 11.933982036202824,-34.45436899233263,-9.886017186289351
2024-08-27 05:00:19,7.592926041680793,-85.7401516684681,121.77155185559938, 12.768558297281137,-36.71645301540441,-10.295930131149976
2024-08-27 05:00:19,7.944905409790111,-85.09423777350675,121.82854062557384, 13.134253463873256,-37.46498283762512,-10.492626405889249
2024-08-27 05:00:19,7.881165704908453,-84.41680884024396,121.91859994648453, 12.810165749494912,-38.20147783852888,-10.130994982978281
2024-08-27 05:00:20,5.6001650593840875,-85.98124554123586,125.02537418190386, 8.847711703763434,-39.38008717076615,-6.86077879560513
2024-08-27 05:00:20,4.855896505314476,-86.10075934900684,125.31181124848197, 7.653797791538818,-39.4624279450513,-5.923258616449997
2024-08-27 05:00:20,4.24248419616479,-86.24825166506541,125.58801919602467, 6.674385701014566,-39.530919460185245,-5.15726719947335
2024-08-27 05:00:20,3.860797919990359,-86.71645838290493,126.15513220532425, 6.0640562088898236,-39.59649089945146,-4.67976369415939
2024-08-27 05:00:20,0.8855858675975417,-89.5627430553599,128.54277476738537, 1.4076446887503864,-38.988488408965914,-1.094210486798922
2024-08-27 05:00:20,0.3135428794928836,-89.90544499104737,128.72262002420214, 0.5001903920611628,-38.818241387100606,-0.38972144817254584
2024-08-27 05:00:20,-0.6055301646709051,-90.49686532180249,129.04109972966006, -0.9717164588953158,-38.54825048914954,0.7599918425582272
2024-08-27 05:00:20,-1.5939350238036831,-90.90880787560758,129.25379693296435, -2.568167589763844,-38.373006884431376,2.0139270998636407
2024-08-27 05:00:20,-2.718581754100064,-91.46161472616825,129.35872687179858, -4.4204214082563995,-37.979877093034574,3.4869136235975757
2024-08-27 05:00:20,-3.2618817126915043,-91.45350650433726,129.5359162544904, -5.279174377393696,-38.200713377141554,4.153125925663076
2024-08-27 05:00:20,-3.467759119393093,-90.59613988106653,129.4573046293509, -5.5165268738048745,-38.991177386300166,4.292928168648642
2024-08-27 05:00:20,-3.453468545282742,-89.79114883933218,129.17150399513542, -5.4333699246809015,-39.50694159634632,4.197190731216133
2024-08-27 05:00:20,-3.425787077171701,-88.96382495841165,128.88932418069362, -5.328806747956045,-40.04768471314288,4.08412203124377
2024-08-27 05:00:20,-1.9756171932556919,-85.00892738685407,128.60882430106153, -2.8635476348249194,-43.63564899721275,2.073293423237897
2024-08-27 05:00:20,-1.6608897286272675,-84.38718166543158,128.6391387162475, -2.379427335141278,-44.27665972143855,1.7040930847473337
2024-08-27 05:00:20,-1.3843180734133187,-83.78967734805221,128.6688572030396, -1.9614779529308264,-44.895970436486905,1.3897608015661338
2024-08-27 05:00:20,-0.9435470286500791,-82.80987523499884,128.56253640941028, -1.317075069640249,-45.76022820114849,0.9189570644399304
2024-08-27 05:00:21,-0.002432857271790212,-81.57248122340195,127.67927676442989, -0.0033759987374617495,-46.106795590721234,0.0023406351645938184
2024-08-27 05:00:21,0.5577952517264734,-81.80186936257869,127.31493259450053, 0.7818478390794582,-45.515730123258066,-0.5478685823509456
2024-08-27 05:00:21,1.0585037122451901,-82.08432501376548,127.16140039104229, 1.4947715192278141,-45.08682559911713,-1.055480238089965
2024-08-27 05:00:21,1.5340965934696855,-82.38807045019651,126.94831478152281, 2.185846903390407,-44.581094686276096,-1.5572584539301717
2024-08-27 05:00:21,2.97012621553276,-83.70081609127305,125.86854669918719, 4.419598890916339,-42.25263917484787,-3.2742650351627
2024-08-27 05:00:21,3.697164887485762,-84.48694532699542,125.60288143068445, 5.6121384534363745,-41.25236468393473,-4.22514650813217
2024-08-27 05:00:21,4.040847442620919,-84.82705645939355,125.43591048754396, 6.1942411509756035,-40.774702394023,-4.698596254043261
2024-08-27 05:00:21,4.200296717807586,-85.39827498862728,125.17940017647975, 6.547568091055938,-39.96559814735543,-5.027272603719765
2024-08-27 05:00:21,3.9840841038442587,-86.04674630488708,124.73276084279763, 6.358068544664521,-38.858604990980176,-4.95900969787076
2024-08-27 05:00:21,3.4407700140021005,-90.01165086001153,122.54256143080963, 6.379609658699147,-32.69248234188064,-5.375433489868241
2024-08-27 05:00:21,3.3858785960380358,-90.42209687998238,122.23529361815206, 6.403659925698416,-31.974057177098565,-5.438487374279479
2024-08-27 05:00:21,3.2516123189793262,-91.1192588580323,121.98670895239965, 6.318831796051292,-31.021428033048778,-5.420906420373876
2024-08-27 05:00:21,3.0193888141912284,-91.69756572856691,121.70625384121173, 6.020530272631123,-30.146121738754832,-5.211068234766771
2024-08-27 05:00:21,3.300573003673102,-91.76757793808503,122.56733105122086, 6.425998369514166,-30.958815405602675,-5.516644349181563
2024-08-27 05:00:21,3.56711455119694,-91.46502964612472,123.07667177008487, 6.782354544271633,-31.791536944850133,-5.772271304028535
2024-08-27 05:00:22,4.378721421699043,-88.34767198134904,124.86906706321354, 7.331751402178134,-36.74662836297387,-5.886332187115423
2024-08-27 05:00:22,4.640666917737016,-87.69020338454533,125.34681888859645, 7.568422687595388,-37.899357433557185,-5.985286986327804
2024-08-27 05:00:22,4.900020072291457,-87.12160923197709,125.83396978000168, 7.805390385305512,-38.97288189620107,-6.083111833198284
2024-08-27 05:00:22,5.033509935701648,-86.57815015670853,126.24696486179188, 7.855946729920823,-39.93451302557259,-6.039339968575809
2024-08-27 05:00:22,5.115783998101024,-86.02676481518738,126.58633986130239, 7.839240494665929,-40.825522344656015,-5.947820864476396
2024-08-27 05:00:22,5.345725258159776,-85.58568576862852,127.15411257431185, 8.027211035175807,-41.848646109199926,-5.996985084846001
2024-08-27 05:00:22,5.4259650227775,-85.62749409362537,127.75417817493394, 8.059815206902051,-42.40977489713496,-5.968765967668784
2024-08-27 05:00:22,5.383172534206724,-86.54826915241055,127.84123205730675, 8.126592480607345,-41.579859419572976,-6.096924157192554
2024-08-27 05:00:22,5.230143905678583,-87.51172824574466,127.69308934608526, 8.074823091354588,-40.46301053268244,-6.160675380380924
2024-08-27 05:00:22,4.765890165053554,-88.73449090764807,127.12304731896657, 7.6466736562221485,-38.63791518043865,-5.986707581333496
2024-08-27 05:00:22,4.188659845213456,-89.40909766978784,126.71898135151483, 6.889487508967019,-37.51024583747275,-5.474816535950078
2024-08-27 05:00:22,3.8615531459907655,-89.81323190794375,126.45167844121646, 6.453216019636442,-36.81299543075087,-5.174260899320748
2024-08-27 05:00:22,3.6122173817737004,-90.18367252202596,126.19631523772485, 6.128281202760245,-36.16894850076668,-4.953812082753601
2024-08-27 05:00:22,3.1888782469720036,-90.61730019911151,125.8510638408587, 5.516087122954237,-35.35917780578585,-4.50324603510995
2024-08-27 05:00:22,2.8983640317016994,-91.07588402282327,125.70462743382723, 5.09136091402714,-34.73473136660474,-4.187649459844634
2024-08-27 05:00:23,2.6220629846945593,-90.66540504194403,125.94955886828247, 4.533022038706928,-35.368837930089626,-3.6990039721240384
2024-08-27 05:00:23,2.6602799085594016,-90.21489084312225,126.21421401069598, 4.519868055225858,-36.08422777216239,-3.655369172298286
2024-08-27 05:00:23,2.568975389758487,-89.80883965513353,126.48009362699169, 4.296350134827953,-36.74851853240523,-3.4448432768373682
2024-08-27 05:00:23,2.2880725102528174,-90.50685131526436,126.48262170571866, 3.891047844869564,-36.038652391477015,-3.148054523367032
2024-08-27 05:00:23,1.9742971480640346,-90.8502043819644,126.21927589658443, 3.4081011939264205,-35.41695731641785,-2.7785537312498136
2024-08-27 05:00:23,1.4592947373930054,-90.74157530381439,125.68733190679637, 2.546521382424155,-34.97234024013755,-2.087144481690053
2024-08-27 05:00:23,0.9733882585775436,-90.39125022530413,125.3803782926593, 1.6971774591142712,-35.00093926152512,-1.3903642023628153
2024-08-27 05:03:35,1.5436975237396786,-92.12797239933417,126.76947684935838, 2.7142992296449355,-34.67158949096789,-2.2328512725505028
2024-08-27 05:03:35,1.6012686856219158,-92.34895834350955,126.26771688126382, 2.8679203949339427,-33.952016971510254,-2.3795756869305187
2024-08-27 05:03:35,1.7596001638012737,-92.99326852979348,126.2500580049253, 3.2063100418597625,-33.29796443338008,-2.680763164305382
2024-08-27 05:03:35,1.5803688521000376,-93.60267065475435,126.22386023799969, 2.9297784982913226,-32.65522435415713,-2.4673022563175495
2024-08-27 05:03:36,1.365130234306269,-94.04820222015503,125.81855451810151, 2.591483525915843,-31.796600903197177,-2.202980883465151
2024-08-27 05:03:36,1.3210737172032296,-94.1667763142872,125.24398163521481, 2.5580176559774412,-31.102464839689468,-2.190677775671306
2024-08-27 05:03:36,1.6136887221274203,-94.55642391998917,125.0177452440849, 3.180661141754437,-30.499934156167935,-2.741277316967952
2024-08-27 05:03:36,1.5495414067406248,-95.57106191108186,124.54378757539155, 3.196392889306078,-29.01054415995754,-2.7960249145733553
2024-08-27 05:03:36,1.4740229993324623,-96.0533292566689,124.25682693797273, 3.1165461629874582,-28.23883191426231,-2.74623021036062
2024-08-27 05:03:36,1.2617534696755122,-96.62808492551052,123.94578978427651, 2.747708901174167,-27.344588382747656,-2.441074721828265
2024-08-27 05:03:36,1.0055546834134843,-97.15176380805508,123.52775628480764, 2.262493955991042,-26.393780725929325,-2.026859765627563
2024-08-27 05:03:36,0.7277317066821689,-97.9650449474785,122.78008990360192, 1.7335366610750471,-24.82503804728554,-1.5734322531819411
2024-08-27 05:03:36,0.5484106071954095,-98.3104005024775,122.24550662865009, 1.3515487923944836,-23.94101830125011,-1.2353042324183878
2024-08-27 05:03:36,0.2210415992065633,-98.51454659282103,121.8950505736637, 0.5569957475737196,-23.381490183366612,-0.5112593969963266
2024-08-27 05:03:36,0.09594167089705685,-99.38731230859715,122.56205002490907, 0.2437922618345451,-23.17492536109882,-0.22412030176496878
2024-08-27 05:03:36,0.051224976082815524,-99.9155240010293,123.26518437731391, 0.12924438917290001,-23.349713419820127,-0.1186596717907056
2024-08-27 05:03:36,-0.24240105412728946,-100.37013948981658,124.03236038969764, -0.6039546251806089,-23.663391072621984,0.5531769553711848
2024-08-27 05:03:36,-0.6959012791407215,-100.66452164088452,124.77763806917068, -1.702970433909353,-24.122556402716313,1.554332176676766
2024-08-27 05:03:36,-1.321888067982883,-101.5385932434775,126.54556082628909, -3.1244922057152733,-25.039637025031453,2.8313399853626016
2024-08-27 05:03:36,-1.6168270980544837,-101.90795699381611,127.44256298100939, -3.746497320742824,-25.58231457974485,3.380110327311481
2024-08-27 05:03:36,-1.7403834301584926,-102.48020645262264,128.4377926301707, -3.9710028351159177,-26.011825782834464,3.569852900053053
2024-08-27 05:03:36,-1.9905079056981527,-103.25602927395923,129.64475288710003, -4.4712014790564485,-26.458318836432838,4.00449435063911
2024-08-27 05:03:36,-2.3595403259537604,-103.61552142476768,130.25879306544408, -5.249965083666701,-26.73993473156611,4.691177965857689
2024-08-27 05:03:36,-2.8426908825334163,-103.95439580591488,130.9698103630888, -6.238628372439241,-27.1533700701168,5.555622202908582
2024-08-27 05:03:36,-3.500302385799208,-104.0292157431632,131.2367616496789, -7.61999464969994,-27.414729269768493,6.772690284990658
2024-08-27 05:03:37,-4.19558509325038,-103.69645902045562,131.10453017783578, -9.054588851637735,-27.702729319374136,8.031072185377408
2024-08-27 05:03:37,-4.694813042734658,-104.21413138027128,131.6343648216057, -10.111325042594306,-27.788500571370896,8.965371658986903
2024-08-27 05:03:37,-5.4461790426636725,-104.02166219319906,131.534960673025, -11.6613306700491,-28.005811603238563,10.327044714666368
2024-08-27 05:03:37,-6.1614532581696935,-103.9843666653712,131.49795315895597, -13.153274451399273,-28.142403480292636,11.64343412262129
2024-08-27 05:03:37,-6.9948558611196106,-104.06885218628267,131.86205581538752, -14.742150846453175,-28.591734503198268,13.009518663988224
2024-08-27 05:03:37,-7.5794255559815795,-103.98744639986077,132.09997104015167, -15.769095574577303,-29.035682041171185,13.868827202137979
2024-08-27 05:03:37,-8.217510579857416,-103.78952977614242,132.3946183501444, -16.785197492715568,-29.66589405141722,14.686827662547607
2024-08-27 05:03:37,-8.733117680289272,-104.293343219131,132.9798632241377, -17.74549718984147,-29.877960408137813,15.508380779596308
2024-08-27 05:03:37,-9.250832012719336,-104.620576010974,133.38416914244675, -18.699907376938206,-30.09314418055905,16.323004429503182
2024-08-27 05:03:37,-10.130228900855023,-104.75835805374331,133.52530674911196, -20.368297605353327,-30.354081676245983,17.76407077431496
2024-08-27 05:03:37,-10.98378274337069,-104.95259857668933,133.4568817443611, -22.13151376957301,-30.380802073329292,19.333531657165636
2024-08-27 05:03:37,-11.608406663332953,-104.96476003550731,133.18182221531652, -23.483529436207043,-30.32910420002085,20.55647673274447
2024-08-27 05:03:37,-12.36939065646143,-104.83612876462195,132.96245966265985, -24.94794619867323,-30.5215274608058,21.838095385119914
2024-08-27 05:03:37,-13.21009099394357,-105.00836737401787,133.12572482496876, -26.476880695680272,-30.835143686251257,23.155060020859565
2024-08-27 05:03:38,-14.008994282961442,-104.67011983528309,132.75005960956946, -27.925695087854727,-31.124030517651534,24.40602833813567
2024-08-27 05:03:38,-14.749292625894153,-104.57699160935815,132.4133478140751, -29.41426955747108,-31.224036906153117,25.740162990093033
2024-08-27 05:03:38,-15.25378850386242,-104.61032458426405,131.88427568693885, -30.756916442249263,-30.9616022050496,27.03550953486117
2024-08-27 05:03:38,-15.438719316101707,-104.45431286051759,131.25143537569966, -31.49098487750246,-30.638550364593197,27.79224345568906
2024-08-27 05:03:38,-15.402403258730264,-103.84316667329782,130.35820620713312, -31.67849321286792,-30.38125358098241,28.028796695562363
2024-08-27 05:03:38,-15.068551240351601,-103.30470443162282,129.73882755544713, -31.164984317337993,-30.15640599136084,27.606556759212328
2024-08-27 05:03:38,-14.620318129927822,-103.13220497296558,130.03098125493597, -29.967400512785375,-30.352802019983258,26.4530351902548
2024-08-27 05:03:38,-14.584434629749419,-102.50534696543525,130.1042493984251, -29.31977852001336,-30.945527338890436,25.719363300522637
2024-08-27 05:03:38,-14.823372085828286,-101.50611416702883,129.37107944747544, -29.51965319534213,-31.28116533579489,25.822952778751734
2024-08-27 05:03:38,-15.081677269300402,-98.73869900529584,127.44935092997082, -29.290683565605956,-32.129584196065544,25.409941623387994
2024-08-27 05:03:38,-14.773556693855381,-97.7816444219143,126.97311586855596, -28.400294653338086,-32.42067579762006,24.533257117279764
2024-08-27 05:03:38,-14.38881736800258,-96.9121007396641,126.54649246582036, -27.42216215181141,-32.655194410221625,23.59714211861848
2024-08-27 05:03:38,-12.985020807785727,-94.09281438158952,125.41395849643428, -23.921548660992634,-33.65160729260462,20.26684194195198
2024-08-27 05:03:39,-12.764122892339456,-93.25227576445589,125.21574291793158, -23.167453934599134,-34.16534380071508,19.49786467959236
2024-08-27 05:03:39,-12.546609839039627,-92.51874118991293,125.01188103836326, -22.503034977554435,-34.582101040888766,18.833420973500818
2024-08-27 05:03:39,-12.137470598788838,-91.54039978466079,124.65587529559969, -21.487393843563993,-35.03035332834906,17.866452949987774
2024-08-27 05:03:39,-10.292703197689459,-88.12581387644342,124.87479294799769, -16.884101374977327,-37.966520547893595,13.457062029706695
2024-08-27 05:03:39,-10.104041212140757,-88.04443454107465,125.50211506077497, -16.330978759279937,-38.602658426415964,12.8974021821935
2024-08-27 05:03:39,-9.983273899507587,-87.9082752801038,126.09696843710837, -15.892448699766238,-39.27848993934546,12.42881840614625
2024-08-27 05:03:39,-9.844946747697923,-87.67519879084186,126.55662109274243, -15.45408422341372,-39.916234542832434,11.971764156893162
2024-08-27 05:03:39,-9.815423004939388,-87.42154753217,127.12354567042688, -15.154096038144319,-40.70168411836886,11.60289931487264
2024-08-27 05:03:39,-9.836854440589393,-83.78426629170735,129.0361295350924, -13.71997799855046,-46.08092376686943,9.611726749930877
2024-08-27 05:03:39,-9.745101699231958,-83.02165313481727,129.07084970172147, -13.417355123047312,-46.840958078610136,9.26766831756993
2024-08-27 05:03:39,-9.652255189597847,-82.25046281541536,128.8323465952537, -13.178316441798723,-47.34461322807513,9.015185268690422
2024-08-27 05:03:39,-9.392581594798504,-81.39066186699851,128.81461950473187, -12.660415380757359,-48.125781122821714,8.52754733709316
2024-08-27 05:03:39,-9.1673604631745,-80.59716092024202,128.65022520782264, -12.242132439121976,-48.70743525813288,8.148474547400722
2024-08-27 05:03:39,-8.85310797153694,-79.77251074309657,128.35578248503603, -11.73346846304994,-49.18267562646174,7.7313516974425145
2024-08-27 05:03:39,-8.644023984740631,-78.4366980027745,128.3959832157405, -11.231064655391531,-50.50400206793188,7.198038930914002
2024-08-27 05:03:39,-8.655586105729054,-77.19652992270508,128.568637276821, -11.026509361881129,-51.89167668256758,6.857356718061441
2024-08-27 05:03:39,-8.695616699833803,-76.53940172682094,128.6273032697865, -10.971027355883013,-52.59905340652759,6.71541379603449
2024-08-27 05:03:39,-9.069158916618829,-74.99577055117499,129.17629662726063, -11.136508228505145,-54.695818287914534,6.490367421967191
2024-08-27 05:03:39,-8.911108472370577,-74.43618961876632,129.2709318638842, -10.857409535190367,-55.320517458999696,6.228081123769121
2024-08-27 05:03:40,-8.631618621881225,-73.73770911812153,129.08585909770912, -10.45530149307569,-55.79549444005665,5.922366378631444
2024-08-27 05:03:40,-8.380314536986917,-73.08174744700516,128.95390142316063, -10.090919103357422,-56.285784041883936,5.641310909873173
2024-08-27 05:03:40,-7.816536139611099,-73.33896222705178,128.96375982512666, -9.443229513393318,-55.98818535228794,5.315254997119095
2024-08-27 05:03:40,-5.989908161391955,-77.52151086748597,128.57177381318778, -7.683886656514018,-51.30267552943302,4.821608763355712
2024-08-27 05:03:40,-4.5587917940289735,-80.6123255870208,127.47791918581655, -6.23552503955238,-47.035189239364854,4.258813768764243
2024-08-27 05:03:40,-4.02318817209443,-81.16347667602588,127.09775176105138, -5.5905070410724464,-46.07077855762363,3.8849126784781
2024-08-27 05:03:40,-2.778140112286812,-82.58228764946064,126.43761307571323, -4.00639005782875,-43.92536638449071,2.887842896504417
2024-08-27 05:03:40,-1.3507212971783802,-83.18671770993015,125.77611576264167, -1.995486888794996,-42.60671513260167,1.4689859406666148
2024-08-27 05:03:40,-0.6043435603708485,-83.2629473880234,125.35409597140031, -0.9015445161519553,-42.094676917726865,0.6690052123030852
2024-08-27 05:03:40,0.17347147111461492,-82.94309017641842,124.72548471171498, 0.26034808474858884,-41.78268842397028,-0.19413626426324548
2024-08-27 05:03:40,1.0796355104936404,-82.6518852437759,124.3323848215893, 1.6233278352285765,-41.69192246711173,-1.212334272251971
2024-08-27 05:03:40,4.028462376587646,-81.38631496200514,122.99126862433172, 6.054426312959855,-41.76412239170617,-4.523418035082509
2024-08-27 05:03:40,4.748851496041839,-81.02135908817274,122.71661662684642, 7.118853797932955,-41.91557614487111,-5.309530048644232
2024-08-27 05:03:40,5.285134811505005,-80.43503746012806,122.30424047062392, 7.890872135045661,-42.14026293326364,-5.867792762678022
2024-08-27 05:03:40,5.810875580609346,-79.9298179314527,121.91537700417024, 8.650227616047493,-42.31167504881374,-6.418850500893071
2024-08-27 05:03:40,6.446617885509958,-79.20882108798881,121.32376962867185, 9.563865258947935,-42.514154417918014,-7.079585552408986
2024-08-27 05:03:41,8.319235682369962,-75.5131118957519,118.07620761715413, 12.198695914066896,-43.21557024477955,-8.953410371669325
2024-08-27 05:03:41,8.738396057158383,-74.7653586243795,117.59459283707669, 12.740445822881277,-43.541948594415835,-9.307702598114053
2024-08-27 05:03:41,9.175412031143788,-74.1569204304039,117.22520532442253, 13.30800817076226,-43.84693865666444,-9.680854122271041
2024-08-27 05:03:41,9.681629026090642,-73.42267326920962,117.07398087172042, 13.88272471947028,-44.50013760476416,-9.997557107400981
2024-08-27 05:03:41,10.011114064525495,-71.40072677318709,117.3143545432007, 13.807342609192903,-46.75270211501975,-9.557906742034552
2024-08-27 05:03:41,10.038959354914475,-70.77997071283995,117.2707613526588, 13.716995781526839,-47.31788070658433,-9.395857838065446
2024-08-27 05:03:41,10.450000840540142,-70.76025901502233,116.90468549399063, 14.347247725797525,-47.050685536397516,-9.88580837268014
2024-08-27 05:03:41,10.432654183200384,-71.07420617779316,116.40287998037127, 14.515651252178772,-46.257653573151465,-10.149243502625271
2024-08-27 05:03:41,10.32702173146805,-71.18369163004095,115.90565058868985, 14.518113695484686,-45.65159392952656,-10.260270166877257
2024-08-27 05:03:41,10.110521996342682,-71.34354484132778,115.41104796726496, 14.379995024231807,-44.97923947207267,-10.279249545080317
2024-08-27 05:03:41,9.714892295858787,-70.92167894363342,114.92320830754419, 13.844444242046078,-44.84590718613827,-9.91133621611156
2024-08-27 05:03:41,9.4269409452165,-70.39198627777182,114.81519407593665, 13.344200807387633,-45.20726132169168,-9.487659712693484
2024-08-27 05:03:41,8.95650234211788,-69.23906885689513,114.68129766804584, 12.472348098108803,-46.12614178647559,-8.715573814443905
2024-08-27 05:03:42,8.422461097895365,-67.34871877801226,114.89457946563309, 11.347573587941163,-48.10866533788459,-7.632185197719723
2024-08-27 05:03:42,8.234161277634875,-66.90205982501,114.97778009728212, 11.00640927808347,-48.603963066498146,-7.328732102939494
2024-08-27 05:03:42,8.00359822539152,-67.55589563886092,115.26931470120756, 10.761332595865337,-48.21898951690594,-7.217222071336045
2024-08-27 05:03:42,8.01727485755532,-68.23337436044228,115.57890651373967, 10.841569889008808,-47.85935114795665,-7.322137285110475
2024-08-27 05:03:42,8.029902858175555,-67.6531890695564,115.89410862075468, 10.709197434518096,-48.74053811412797,-7.10909501798247
2024-08-27 05:03:42,8.022970379188127,-67.01783951735679,115.96755519050043, 10.58659819982202,-49.43628314336617,-6.9298336139985235
2024-08-27 05:03:42,7.855166860475561,-66.49799283057985,115.98813154848668, 10.285054005314638,-49.94791463365661,-6.660120182648744
2024-08-27 05:03:42,7.7769499999801,-67.18956532077272,115.747891651928, 10.325324223754262,-49.02195755903479,-6.813005464692117
2024-08-27 05:03:42,7.883531184237332,-67.83805254412572,115.68722309355319, 10.579305727189379,-48.33745509952903,-7.077319948768069
2024-08-27 05:03:42,7.953355461677223,-68.82660516547936,115.43331482518597, 10.883198649097164,-47.12554725716668,-7.452903998064057
2024-08-27 05:03:43,8.006726966053717,-69.4960573597967,115.2589187524422, 11.107468087409474,-46.30423561644517,-7.723825693949369
2024-08-27 05:03:43,8.234090013195715,-71.34652443291614,114.82442979803602, 11.876835779486305,-44.09728414817817,-8.588847341405934
2024-08-27 05:03:43,8.29724678704763,-72.15289713281314,114.5677448205735, 12.200360487846838,-43.06724354807278,-8.976046594370576
2024-08-27 05:03:43,8.265878466080675,-73.06440648415091,114.44809574129133, 12.39373175378197,-42.05476796828981,-9.267010981710467
2024-08-27 05:03:43,8.129542853849419,-74.04218670670815,114.29014648262572, 12.467112501714663,-40.92345059853068,-9.48393011469604
2024-08-27 05:03:43,7.7268552463548,-75.73964080042943,113.75798357251888, 12.423530873578754,-38.67891045618094,-9.758016780774604
2024-08-27 05:03:43,7.595645476735001,-76.5118848807077,113.60992959852952, 12.466421534568404,-37.75782041083735,-9.914408363398339
2024-08-27 05:03:43,7.4913262394035085,-77.24144163450629,113.43069818253923, 12.555289819130786,-36.85247855169962,-10.10440507421037
2024-08-27 05:03:43,7.415256750943348,-77.91194221863466,113.39625026487066, 12.637170663297152,-36.151048192040584,-10.261670888441351
2024-08-27 05:03:43,7.259552129898236,-78.5912035105,113.32586656047013, 12.602421207768556,-35.39168491721323,-10.329216272167715
2024-08-27 05:03:43,7.13421086297246,-79.25683568348406,113.20764890708378, 12.632014955669252,-34.60415761103912,-10.451660912257694
2024-08-27 05:03:43,6.955961886851379,-80.16572654993209,112.9014257396426, 12.713902565885913,-33.385976217000014,-10.668596439054951
2024-08-27 05:03:43,6.8884888278151495,-80.6621760516811,112.76258953705673, 12.80792179480025,-32.75380032945788,-10.823952926958718
2024-08-27 05:03:43,7.194225350231856,-81.33033788378476,112.79781852235645, 13.593609873386328,-32.19693275078892,-11.564377388358139
2024-08-27 05:03:43,7.584240051111383,-82.18032153177937,113.03302433088173, 14.554542618883975,-31.68175684847084,-12.458914092227976
2024-08-27 05:03:43,8.023011841657844,-82.75757695880196,113.30849055107194, 15.498461299344376,-31.48809758529592,-13.303988089937594
2024-08-27 05:03:43,8.674632517731656,-83.34916788172461,113.56286308360873, 16.866275465381225,-31.32089947547027,-14.520412117401971
2024-08-27 05:03:43,9.136321617365633,-82.99932158093905,113.02305111431953, 17.818344179786884,-31.258608783441822,-15.363417111344164
2024-08-27 05:03:43,9.83819933895836,-82.77636430950281,113.04887749807757, 18.983386819128853,-31.686269439598476,-16.316080793477457
2024-08-27 05:03:43,10.483985388557345,-82.76010194879373,113.2772498234591, 20.022637807407143,-32.102842850520986,-17.15528190647789
2024-08-27 05:03:43,10.996447490308165,-82.84009775492574,113.60506776913864, 20.800846862151037,-32.48888138988245,-17.766925226258948
2024-08-27 05:03:44,10.888109463777267,-83.44530391582627,114.30264225182427, 20.55762235243169,-32.54244036911736,-17.54429400785165
2024-08-27 05:03:44,10.433595301308015,-83.55677584817386,114.58632982352869, 19.657812141835286,-32.57014215461975,-16.754013255000462
2024-08-27 05:03:44,9.904640727193222,-83.38554246830516,114.28363783515066, 18.779741022759392,-32.29670029474713,-16.03611140865644
2024-08-27 05:03:44,9.462193931390036,-83.11260962198013,113.79316131734362, 18.08870004568424,-31.970127902640076,-15.487517371588215
2024-08-27 05:03:44,8.877733631756046,-82.49898587213572,112.83353530802378, 17.185419518793836,-31.48781574053785,-14.77436623757441
2024-08-27 05:03:44,8.189961352658631,-81.75678708236067,111.71742492866514, 16.076437109301793,-30.95931767009294,-13.88148794869802
2024-08-27 05:03:44,7.9826999581567115,-81.31105886280268,111.02553659391593, 15.796806984908867,-30.673253572461395,-13.67596294963771
2024-08-27 05:03:44,7.642858114973887,-80.56123757055587,109.89688753917035, 15.317580504492646,-30.228994421641097,-13.314333330089038
2024-08-27 05:03:44,7.381794863823376,-79.8474625015561,108.97388168148345, 14.904749955392381,-29.967607125326168,-12.984519763012166
2024-08-27 05:03:44,7.040080707826137,-79.2939832422557,108.36791774724095, 14.259106893031616,-29.841640212738987,-12.431426099206652
2024-08-27 05:03:44,6.726231013244418,-78.82430277027377,107.8855007615218, 13.647175082199757,-29.763132610859678,-11.901950522481927
2024-08-27 05:03:44,6.197567634702557,-78.20840759335792,107.34986363615909, 12.571050200424391,-29.73653020743874,-10.958619278968287
2024-08-27 05:03:44,5.79299854017089,-77.81705280540321,106.9512924450084, 11.77101858718907,-29.654973231001186,-10.2644080049952
2024-08-27 05:03:44,5.389952748495129,-77.60240501478039,106.6156662865875, 11.008436875550155,-29.466810250848926,-9.612874430849638
2024-08-27 05:03:44,4.95955064360928,-77.36713281101852,106.18308202954958, 10.206018959710242,-29.20351641973298,-8.931143414391931
2024-08-27 05:03:44,4.612554643362584,-76.9868383892284,105.65963542433018, 9.54488790862151,-29.01030485410846,-8.365445915322338
2024-08-27 05:03:45,4.313084528687732,-76.48663170581445,105.11636022856318, 8.945230096388237,-28.925574115559392,-7.844160780455309
2024-08-27 05:03:45,4.186244668461655,-77.34770271709391,106.00437040901453, 8.677940754955403,-28.935143107044418,-7.60823055620783
2024-08-27 05:03:45,4.199047606819294,-78.00774864995056,106.73069765627163, 8.686069089843128,-29.002360271345886,-7.610496067259065
2024-08-27 05:03:45,4.187024915588726,-78.92426336793481,107.70644937312072, 8.645430327025974,-29.05933291697523,-7.570631980888894
2024-08-27 05:03:45,4.1487583522544185,-79.67655929037271,108.50243506746938, 8.555623608799603,-29.097516888386615,-7.488969573817431
2024-08-27 05:03:45,3.9871338278974937,-80.42369686698946,109.45078540643208, 8.174485031741883,-29.276009985937353,-7.141947706989254
2024-08-27 05:03:45,3.950052117198125,-81.01584400219997,110.19839040041197, 8.060374302962096,-29.425335449269696,-7.031725391930784
2024-08-27 05:03:45,3.906928285417921,-81.62197138907534,110.9446312069373, 7.938950443412712,-29.558849376392054,-6.916435742758109
2024-08-27 05:03:45,3.82811903654925,-82.2286406565551,111.66786306556062, 7.752593310529373,-29.664946635420836,-6.746556049866703
2024-08-27 05:03:45,3.7363299306431808,-82.8341433925464,112.4082772642382, 7.537295041867489,-29.788031801376484,-6.550691011220961
2024-08-27 05:03:45,3.4752578125699065,-84.16256018156201,113.99704595773514, 6.959643512931784,-30.01769308893107,-6.033565128175487
2024-08-27 05:03:45,3.2796477961485277,-84.68459282410545,114.80460002717986, 6.514528782937586,-30.281366270745117,-5.6318439592851135
2024-08-27 05:03:45,3.082195917557567,-84.91868361471118,115.47558094521484, 6.045930145905434,-30.69699502533082,-5.203794801280294
2024-08-27 05:03:45,3.004678767093321,-85.16028253344406,116.23237255397383, 5.807086693678614,-31.202560968169333,-4.971602855211587
2024-08-27 05:03:45,2.784495910888144,-85.27576140498374,116.90679887464863, 5.2984208529442585,-31.74069410410445,-4.509530476268902
2024-08-27 05:03:45,2.5037083908076596,-85.56724646774788,117.72875541241201, 4.695951343670977,-32.248387573958055,-3.974098692433536
2024-08-27 05:03:46,2.281737991711145,-86.2822158066337,119.55066072899953, 4.154391046930261,-33.33762154670795,-3.472609090289324
2024-08-27 05:03:46,2.233954838872348,-86.43917849014267,120.27018676759164, 4.008010099963206,-33.89592449976883,-3.3285442480124963
2024-08-27 05:03:46,2.1450320654011823,-86.50155510279008,120.86996763163462, 3.796011048415691,-34.427072748404676,-3.1325905146820787
2024-08-27 05:03:46,2.202234792659522,-86.36161413538423,121.3577692646844, 3.8359974479177836,-35.05655411330691,-3.141639732345437
2024-08-27 05:03:46,2.3063952884978054,-85.96393734110153,121.64833083288147, 3.949779247196448,-35.74897295828871,-3.207312723893847
2024-08-27 05:03:46,2.405015944209628,-85.42830058377133,121.8356048702516, 4.047746701788101,-36.47568437493514,-3.2567442342037864
2024-08-27 05:03:46,2.427063845485517,-84.86191451161892,122.10304825344195, 4.006401523699013,-37.308694656208765,-3.188525874575264
2024-08-27 05:03:46,2.4551614623215947,-84.31103327569241,122.22345078454872, 3.9916424940008017,-37.979897023927776,-3.148247188576367
2024-08-27 05:03:46,2.5596554007806276,-83.80331222664739,122.42304595434743, 4.096768894198718,-38.691237997314,-3.199764563816027
2024-08-27 05:03:46,2.6238092128046246,-83.35990863817159,122.61736563645252, 4.141978662981664,-39.33089824182722,-3.206056797601941
2024-08-27 05:03:46,2.3457825127849037,-83.2172928080511,122.02407519730008, 3.7398668290997317,-38.86644588894743,-2.913529232879474
