time,a1,a2,a3,a4,a5,a6
2024-08-19 04:44:37,0.0,-89.05487740144369,126.50526667033331, 0.0,-37.45038926888961,0.0
2024-08-19 04:44:37,0.0,-88.97217551309444,126.54717558683083, 0.0,-37.57500007373639,0.0
2024-08-19 04:44:37,0.0,-88.93850344469597,126.5641263381985, 0.0,-37.62562289350254,0.0
2024-08-19 04:44:37,0.0,-89.01656382963705,126.5247309159165, 0.0,-37.508167086279464,0.0
2024-08-19 04:44:37,0.0,-89.21260968507069,126.42423548873866, 0.0,-37.211625803667985,0.0
2024-08-19 04:44:37,0.0,-89.36653552610828,126.34374408234423, 0.0,-36.97720855623596,0.0
2024-08-19 04:44:37,0.0,-89.6637322700724,126.18427257854306, 0.0,-36.520540308470665,0.0
2024-08-19 04:44:37,0.0,-89.90975697877364,126.04808744993424, 0.0,-36.1383304711606,0.0
2024-08-19 04:44:38,0.0,-90.54145630123847,125.68016933427897, 0.0,-35.1387130330405,0.0
2024-08-19 04:44:38,0.0,-90.87246517118275,125.47628867052711, 0.0,-34.60382349934437,0.0
2024-08-19 04:44:38,0.0,-91.1023251257956,125.32995784071821, 0.0,-34.22763271492261,0.0
2024-08-19 04:44:38,0.0,-91.37261506560714,125.15269534715642, 0.0,-33.780080281549296,0.0
2024-08-19 04:44:38,0.0,-91.74399009624517,124.89956193676787, 0.0,-33.15557184052271,0.0
2024-08-19 04:44:38,0.0,-92.00169673218359,124.71707142861585, 0.0,-32.71537469643228,0.0
2024-08-19 04:44:38,0.0,-92.25641076546455,124.53092398037847, 0.0,-32.27451321491394,0.0
2024-08-19 04:44:38,0.0,-92.66069039657917,124.2230480548957, 0.0,-31.562357658316518,0.0
2024-08-19 04:44:38,0.0,-93.0020948318091,123.95045595607493, 0.0,-30.94836112426584,0.0
2024-08-19 04:44:38,0.0,-93.43256678191517,123.58906254392255, 0.0,-30.1564957620074,0.0
2024-08-19 04:44:38,0.0,-93.58439360983431,123.45660538827791, 0.0,-29.872211778443617,0.0
2024-08-19 04:44:38,0.0,-93.69744793939411,123.35620253135826, 0.0,-29.658754591964147,0.0
2024-08-19 04:44:38,0.0,-93.84627365767649,123.22165891179817, 0.0,-29.37538525412169,0.0
2024-08-19 04:44:38,0.0,-94.08462598500513,123.00036095519077, 0.0,-28.91573497018566,0.0
2024-08-19 04:44:38,0.0,-94.1634784899993,122.92551960713479, 0.0,-28.76204111713548,0.0
2024-08-19 04:44:38,0.0,-94.30744757312944,122.78671056750981, 0.0,-28.479262994380385,0.0
2024-08-19 04:44:38,0.0,-94.38527344668002,122.71048339486528, 0.0,-28.32520994818528,0.0
2024-08-19 04:44:38,0.0,-94.49134119087307,122.60521507955134, 0.0,-28.11387388867827,0.0
2024-08-19 04:44:38,0.0,-94.56265285385686,122.5335285214119, 0.0,-27.970875667555056,0.0
2024-08-19 04:44:38,0.0,-94.58637510894837,122.50951637792998, 0.0,-27.923141268981624,0.0
2024-08-19 04:44:38,0.0,-94.51038201866366,122.58614664001938, 0.0,-28.07576462135572,0.0
2024-08-19 04:44:38,0.0,-94.19155019946399,122.89867519265562, 0.0,-28.707124993191638,0.0
2024-08-19 04:44:38,0.0,-93.06006532268165,123.9029666640098, 0.0,-30.842901341328144,0.0
2024-08-19 04:44:38,0.0,-91.9969607340565,124.72047739431196, 0.0,-32.72351666025546,0.0
2024-08-19 04:44:38,0.0,-91.26779952695429,125.22211567260189, 0.0,-33.954316145647596,0.0
2024-08-19 04:44:38,0.0,-90.79281345829146,125.52607579707997, 0.0,-34.7332623387885,0.0
2024-08-19 04:44:38,0.0,-90.44352629409067,125.73898892740586, 0.0,-35.295462633315196,0.0
2024-08-19 04:44:38,0.0,-90.38181196026076,125.7757129146249, 0.0,-35.393900954364156,0.0
2024-08-19 04:44:39,-0.1073704872551972,-90.38169369490343,125.77559545288358, -0.18537858129057233,-35.39404335382965,0.15111857463717576
2024-08-19 04:44:39,-0.30134159212168715,-90.38088040585185,125.77478768340801, -0.5202675328474737,-35.39502258005699,0.4241146178947148
2024-08-19 04:44:39,-0.4964570210923915,-90.37928348894079,125.77320157009422, -0.8571080846875504,-35.39694517403072,0.6986965811374314
2024-08-19 04:44:39,-0.9853279788002937,-90.37185153256647,125.7658192958503, -1.700869387917998,-35.40589027714654,1.3864613087630095
2024-08-19 04:44:39,-1.3570134099552706,-90.36291853719166,125.75694471596381, -2.3420582039686266,-35.4166365117994,1.9090397476994814
2024-08-19 04:44:39,-1.7971239995775934,-90.34867291813381,125.74278931466596, -3.1007700728923275,-35.43376128589434,2.5272940834650064
2024-08-19 04:44:39,-2.7346216223207094,-90.30505717741318,125.69942733383746, -4.714289235807731,-35.48609717202206,3.841559377024446
2024-08-19 04:44:39,-3.255219277744437,-90.27302800376584,125.66756294620644, -5.608241057179951,-35.524439108078475,4.569288103728674
2024-08-19 04:44:39,-3.873110840307212,-90.22776388688989,125.62250057093286, -6.666879824645283,-35.57849386087621,5.430585633577326
2024-08-19 04:44:39,-4.088972525663411,-90.21009373654583,125.60489927920317, -7.03602798194042,-35.59955429705768,5.730777017401942
2024-08-19 04:44:39,-4.326298021066636,-90.18955554410944,125.58443413788936, -7.441432535768093,-35.6240039294759,6.06035835863175
2024-08-19 04:44:39,-4.467857619236411,-90.17675050815343,125.5716708475571, -7.683013565328501,-35.63923183058649,6.256707342975579
2024-08-19 04:44:39,-4.528658738818016,-90.17112337420336,125.56606113550066, -7.786719368533845,-35.645919848007864,6.340984368880301
2024-08-19 04:44:39,-4.60994136341487,-90.16348118903038,125.55844170841908, -7.925306528992551,-35.654999066007,6.453596807863699
2024-08-19 04:44:39,-4.415663780580383,-90.18152003448942,125.57642516587913, -7.593962093152997,-35.63356127152384,6.184333640675253
2024-08-19 04:44:39,-3.9726699328414714,-90.21973367757299,125.6145023433883, -6.837184300602243,-35.58806766333676,5.569087102785966
2024-08-19 04:44:39,-2.9730427934672665,-90.2910813093124,125.68552561526727, -5.123905434804916,-35.502837045375756,4.175054040269453
2024-08-19 04:44:39,-2.1829548274491826,-90.33291078672437,125.72712279578715, -3.765316205490233,-35.45269125886428,3.068692252888087
2024-08-19 04:44:39,-1.1455276485660884,-90.36834908853524,125.76233992460129, -1.9772686575375629,-35.410104372859294,1.6117394032469923
2024-08-19 04:44:39,-0.2613003226501838,-90.38111152292481,125.77501723314847, -0.45113817340329443,-35.394744312738496,0.3677617850606487
2024-08-19 04:44:39,0.9319334272880508,-90.37290185000488,125.76686265163752, 1.6087332978004565,-35.40462636815877,-1.311363630352126
2024-08-19 04:44:39,1.7130342850872537,-90.35170221027612,125.74579972462854, 2.955857606363265,-35.43012102972722,-2.4092192770523067
2024-08-19 04:44:39,2.2622233943835597,-90.32929358255345,125.72352690960192, 3.901766585101308,-35.457032804645806,-3.17984020444868
2024-08-19 04:44:39,2.825960387673441,-90.29984132409021,125.69423956006572, 4.87125211281608,-35.492346275592475,-3.9693611004246088
2024-08-19 04:44:39,3.3303630686958186,-90.26794378905656,125.6625032098379, 5.7371317000932445,-35.53051833501392,-4.6741826770467245
2024-08-19 04:44:39,4.35354776862124,-90.18712282783072,125.58200957706345, 7.487949932100596,-35.62689787865308,-6.098169040346201
2024-08-19 04:44:39,5.024415253317802,-90.12238487542109,125.51744995162835, 8.631006594274995,-35.70374921618627,-7.026826150730111
2024-08-19 04:44:39,5.509668809664575,-90.06974396373776,125.46489905259881, 9.455006751861555,-35.766012644218875,-7.695686020862399
2024-08-19 04:44:40,5.986333491943079,-90.01327131157456,125.40846812427662, 10.26190959832217,-35.83258288222244,-8.350141142770562
2024-08-19 04:44:40,6.912602609311606,-89.88998964510009,125.28508031558977, 11.822076201802354,-35.97710391302071,-9.613903501266446
2024-08-19 04:44:40,7.938380095487676,-89.73250262753831,125.12706417565363, 13.536448787623662,-36.160137413065144,-10.999758195257908
2024-08-19 04:44:40,8.834181643502086,-89.57684300316387,124.97044776086031, 15.020817725904756,-36.339324449793395,-12.196988059990485
2024-08-19 04:44:40,9.859382279325457,-89.3778113211965,124.76956445863763, 16.70363423197819,-36.5659865275463,-13.550896048127434
2024-08-19 04:44:40,10.417593610031503,-89.26000433428409,124.65032935174315, 17.612280021594074,-36.69887127957725,-14.280323343494961
2024-08-19 04:44:40,11.003125316525168,-89.12923666191472,124.51768721746174, 18.559337535499704,-36.84527982089012,-15.0392935781466
2024-08-19 04:44:40,11.050023509356738,-89.11844299583011,124.5067252372172, 18.634917526551824,-36.857313422238036,-15.099804485962665
2024-08-19 04:44:40,11.085062496045744,-89.11034771404346,124.49850235887821, 18.691358601391055,-36.86633357247066,-15.144986613269067
2024-08-19 04:44:40,11.120046876523148,-89.10223856660329,124.49026422726244, 18.74768871028785,-36.87536480500931,-15.190074978455524
2024-08-19 04:44:40,11.189852224799925,-89.08597903929198,124.47374255067332, 18.860016947079135,-36.89346003547942,-15.279971218975929
2024-08-19 04:44:40,11.327221827090973,-89.05367396086065,124.44090266589576, 19.080798106438237,-36.92936036599258,-15.456604623688118
2024-08-19 04:44:40,11.494921258456792,-89.0136818227636,124.40022274097974, 19.34983888254753,-36.973707699590996,-15.671743260166364
2024-08-19 04:44:40,11.866523399897675,-88.9228871883979,124.30776097911023, 19.944074388951144,-37.07399957436768,-16.146511158289997
2024-08-19 04:44:40,12.030136946269863,-88.88195754808238,124.26603184919895, 20.204860544136636,-37.11903421552623,-16.354685231983055
2024-08-19 04:44:40,12.319781538404586,-88.80806630559424,124.19062180312349, 20.665238233293348,-37.2000606810153,-16.721907387828733
2024-08-19 04:44:40,12.63676427772045,-88.72509513850864,124.1058294394099, 21.1671576606016,-37.29062365546235,-17.121855520806932
2024-08-19 04:44:40,12.712735290835116,-88.70488176635192,124.08515383915518, 21.287153016520115,-37.312619570236635,-17.2174080211467
2024-08-19 04:44:40,12.646687145375516,-88.72246219569735,124.1031366995926, 21.182837314860656,-37.29349027002627,-17.134342673918933
2024-08-19 04:44:40,12.58043272312829,-88.74000120182956,124.12107171061206, 21.078107648393445,-37.27438630893022,-17.050928726806216
2024-08-19 04:44:40,12.420168359449272,-88.78202820291949,124.16402535512289, 20.824410757136736,-37.22852896542577,-16.848788695734125
2024-08-19 04:44:40,12.246401329384172,-88.8269598653305,124.20991295443321, 20.54876043991174,-37.179376342330094,-16.62903210746059
2024-08-19 04:44:40,11.945566391057287,-88.903186656694,124.28767935182503, 20.070127637017073,-37.09568958067181,-16.247147951542726
2024-08-19 04:44:40,11.587814199031076,-88.9912664846667,124.37740945813087, 19.49863558802865,-36.9985180051022,-15.790678939741976
2024-08-19 04:44:40,11.239778723108861,-89.07428514377017,124.46185720852165, 18.940300434742245,-36.906463332805046,-15.344209962901374
2024-08-19 04:44:40,10.924072534487616,-89.14732320224721,124.53605114824725, 18.431844937909702,-36.82509817092948,-14.937200406978173
2024-08-19 04:44:40,10.549213667030898,-89.23125263646753,124.62119161607866, 17.825714498997687,-36.73116031339482,-14.451486791977107
2024-08-19 04:44:40,10.067792796743081,-89.3346086167994,124.72586670732483, 17.043528065932627,-36.61482798723081,-13.823888646560926
2024-08-19 04:44:40,9.679955366094813,-89.41426190581795,124.80640688395421, 16.410401481513553,-36.52467944607829,-13.315250279404067
2024-08-19 04:44:40,9.410457632476914,-89.4677194056996,124.86039627836703, 15.968927298415485,-36.46393490113835,-12.960253265830309
2024-08-19 04:44:40,8.804159459812396,-89.58233476037614,124.97598061338054, 14.971274806183894,-36.33303147773752,-12.157072245961151
2024-08-19 04:44:40,8.393285493961267,-89.6555749744075,125.04971757379087, 14.291800648042372,-36.248904777675996,-11.609324734540525
2024-08-19 04:44:40,7.680493250281666,-89.77417594663495,125.16892046156343, 13.106858350711352,-36.1118758278676,-10.652787144107268
2024-08-19 04:44:40,7.073387047248518,-89.86676352150045,125.26180391014523, 12.091764817562801,-36.004208906929605,-9.832118289364114
2024-08-19 04:44:40,6.632761020699117,-89.9291240196316,125.32427769176074, 11.351870754184628,-35.93134624148646,-9.233270421881743
2024-08-19 04:44:40,6.426034738073025,-89.95698245677603,125.35216436754682, 11.003867537188775,-35.898705647531344,-8.9514233291722
2024-08-19 04:44:40,5.957243363806451,-90.0168532153678,125.41204906773555, 10.212740453414625,-35.82836741992023,-8.310277231212446
2024-08-19 04:44:40,5.784663165290075,-90.03774095738287,125.432926660687, 9.92083635362878,-35.80376650039269,-8.073573126298617
2024-08-19 04:44:40,5.625590291437755,-90.05644506294388,125.45161508749602, 9.651476417362474,-35.7817104039533,-7.855086477022556
2024-08-19 04:44:40,5.521961126380229,-90.06834698446602,125.46350379021943, 9.475847433593332,-35.76766221879323,-7.712596032037243
2024-08-19 04:44:40,5.373154190109147,-90.08504737402903,125.48018138035975, 9.22344601810148,-35.747932789825526,-7.507775729307384
2024-08-19 04:44:40,5.15641080273492,-90.1085496469331,125.50364315875201, 8.855389823791711,-35.72013316056707,-7.209014340395938
2024-08-19 04:44:40,4.852560261514525,-90.13985670357425,125.53488100167779, 8.338602220886576,-35.68303862088642,-6.789353035314413
2024-08-19 04:44:40,4.5378338044791064,-90.17026758110823,125.56520794260788, 7.802365941080282,-35.64693677864442,-6.353699018619698
2024-08-19 04:44:40,3.770719913957464,-90.23580905823077,125.63051254991447, 6.491649352603989,-35.568897411247605,-5.288060962196875
2024-08-19 04:44:40,3.57568099786057,-90.25053530582764,125.64517505629063, 6.15764003525353,-35.55131915034256,-5.016346244639115
2024-08-19 04:44:40,3.2344353341785097,-90.27441369745979,125.66894188858359, 5.572584600619311,-35.52278189064569,-4.540268545870478
2024-08-19 04:44:40,2.9092426897212076,-90.29493584939918,125.68936005213746, 5.014327676182501,-35.49822165481634,-4.0858466966591305
2024-08-19 04:44:40,2.71680502192056,-90.30605457167658,125.70041930347664, 4.683666390996674,-35.48490196363721,-3.8166246019410246
2024-08-19 04:44:40,2.5414799839820086,-90.31552107060523,125.70983343448526, 4.382227348793802,-35.47355425024557,-3.571157165198472
2024-08-19 04:44:40,2.49197762408155,-90.31807941242016,125.71237734997318, 4.297087327746306,-35.4704863518584,-3.501819846307597
