x,y,z
1422.5,0,625.0
1422.5,0,626.3236601153739
1422.5,0,628.9689391583826
1422.5,0,631.6134463727501
1422.5,0,636.8886585316391
1422.5,0,643.4655749517748
1422.5,0,644.7787450583679
1422.5,0,648.7136242160583
1422.5,0,652.6417505607265
1422.5,0,659.1736288860403
1422.5,0,668.289159056745
1422.5,0,673.4803874566835
1422.5,0,678.6599235906068
1422.5,0,682.5387867656602
1422.5,0,687.6977078270631
1422.5,0,694.1298214300084
1422.5,0,699.2624718965932
1422.5,0,708.2165475296125
1422.5,0,715.8633934464702
1422.5,0,726.0190935220307
1422.5,0,737.3896455363512
1422.5,0,749.9548967034447
1422.5,0,758.7072439359506
1422.5,0,767.4269728130012
1422.5,0,776.112745991609
1422.5,0,788.4644202181759
1422.5,0,794.6145263612967
1422.5,0,798.2964376861721
1422.5,0,804.4194553240824
1422.5,0,810.5254519763633
1422.5,0,819.0456627243159
1422.5,0,822.6879609775403
1422.5,0,823.9003564916017
1422.5,0,828.7436025939936
1422.5,0,837.1958834318305
1422.5,0,842.0104245304681
1422.5,0,844.4134778959456
1419.1033497839828,0.1625236813790746,844.4134778959456
1413.5130715919531,0.4300085661686388,844.4134778959456
1392.4188586384714,1.4393291988400552,844.4134778959456
1382.9963095005803,1.89018144339672,844.4134778959456
1376.7602872312825,2.18856403563095,844.4134778959456
1369.9961274078996,2.5122170720103116,844.4134778959456
1355.100904024056,3.2249270613669694,844.4134778959456
1342.3602537359593,3.8345445539838057,844.4134778959456
1323.2802847173518,4.7474871910795775,844.4134778959456
1306.8291999062908,5.534642386973751,844.4134778959456
1280.3210985405476,6.803007966689492,844.4134778959456
1254.9416185134196,8.017371019453865,844.4134778959456
1230.495273574732,9.187085215211402,844.4134778959456
1219.68188157792,9.7044868208373,844.4134778959456
1200.0464624390715,10.64400675986965,844.4134778959456
1181.045214188004,11.55318274802372,844.4134778959456
1170.418641601473,12.061645376604327,844.4134778959456
1157.7125417988177,12.669609689844318,844.4134778959456
1151.5938861823054,12.962376496151617,844.4134778959456
1143.7042490257104,13.339881624406608,844.4134778959456
1131.0509077672868,13.945321534988869,844.4134778959456
1127.5252571225492,14.114017657815198,844.4134778959456
1126.0365746278965,14.18524847171962,844.4134778959456
1124.5462357878919,14.256558538807946,844.4134778959456
1121.28379258856,14.412660652751013,844.4134778959456
1113.2366319721768,14.797702998841283,844.4134778959456
1103.915697221176,15.243693175422706,844.4134778959456
1098.8135857475747,15.48782014957678,844.4134778959456
1093.9757210741684,15.719303383566558,844.4134778959456
1084.5358010940402,16.17098679207876,844.4134778959456
1084.1893015620117,14.827856958043995,844.4134778959456
1083.9951403829393,10.7700014797378,844.4134778959456
1083.522576800005,0.8936980239233789,844.4134778959456
1082.6336564105125,-17.684220020828896,844.4134778959456
1081.2679224880171,-46.22726300079946,844.4134778959456
1079.0224789846714,-93.15572349330056,844.4134778959456
1077.8159987082558,-118.3704580891112,844.4134778959456
1077.211497904083,-131.00417257092337,844.4134778959456
1076.9120718258973,-137.26200308842257,844.4134778959456
1076.8375041569666,-138.82042390828343,844.4134778959456
1076.7276158599373,-141.11702526923804,844.4134778959456
1076.5986103073642,-143.81316612881494,844.4134778959456
1076.5051689529607,-145.76603597477066,844.4134778959456
1076.3030711035299,-149.98976323778254,844.4134778959456
1076.1559858062892,-153.06376022336858,844.4134778959456
1075.970904349017,-156.93185480804388,844.4134778959456
1075.9170036154471,-158.05834872431916,844.4134778959456
1077.353502671433,-158.12708265334587,844.4134778959456
1088.790778668779,-158.67433600056182,844.4134778959456
1113.4109897280998,-159.85236938145627,844.4134778959456
1137.887109178482,-161.02350823472756,844.4134778959456
1157.6004409972463,-161.96675615714375,844.4134778959456
1166.5395405110796,-162.3944761956544,844.4134778959456
1172.1866350363784,-162.6646796411017,844.4134778959456
1181.3090906368407,-163.10117294277075,844.4134778959456
1195.6434504536933,-163.78704660637655,844.4134778959456
1203.0285817550343,-164.1404120253125,844.4134778959456
1216.5891166095878,-164.78925953855907,844.4134778959456
1245.3667512086593,-166.16621825346232,844.4134778959456
1276.2635657892918,-167.64457596743944,844.4134778959456
1301.0856921087563,-168.8322706349893,844.4134778959456
1318.0252594227243,-169.64279885124546,844.4134778959456
1335.670179892844,-170.4870769635226,844.4134778959456
1349.3271498352556,-171.14053872448272,844.4134778959456
1355.3951694033851,-171.4308826857897,844.4134778959456
1367.9382311234453,-172.0310459162855,844.4134778959456
1380.111448587174,-172.61351275585105,844.4134778959456
1400.2686888499843,-173.5780009090633,844.4134778959456
1423.6352804844616,-174.69605082654044,844.4134778959456
1450.020174356241,-175.95852114645047,844.4134778959456
1467.9989100299101,-176.8187717234593,844.4134778959456
1488.8304426684474,-177.81552356950402,844.4134778959456
1504.1853597431702,-178.55022908568765,844.4134778959456
1516.8690443940764,-179.1571208737193,844.4134778959456
1530.6396550412371,-179.81602014060897,844.4134778959456
1539.2876956298117,-180.2298135263815,844.4134778959456
1545.6770643231089,-180.53553347270565,844.4134778959456
1562.0384683561738,-181.31839760261957,844.4134778959456
1568.303042238016,-181.61814633881477,844.4134778959456
1568.3677167981539,-180.26648572665832,844.4134778959456
1568.9210576309986,-168.70198482767736,844.4134778959456
1570.6834691122065,-131.86861206895435,844.4134778959456
1572.8143478793247,-87.33448779104576,844.4134778959456
1573.5465203843542,-72.0325091731132,844.4134778959456
1573.730545620379,-68.1864889968995,844.4134778959456
1574.3390225302269,-55.469676223898254,844.4134778959456
1574.8870717461195,-44.01576703507154,844.4134778959456
1575.680293671756,-27.437891108312407,844.4134778959456
1576.7208978843535,-5.689869567603284,844.4134778959456
1578.0692127136174,22.489124516323677,844.4134778959456
1579.9717093921486,62.25019625227804,844.4134778959456
1582.0686025798086,106.07404172756054,844.4134778959456
1583.4909060309426,135.79935488526476,844.4134778959456
1585.5969698333363,179.8148608635127,844.4134778959456
1587.274146986786,214.8668858498032,844.4134778959456
1587.7094581004596,223.96463441018713,844.4134778959456
1588.7679767506424,246.08705725523697,844.4134778959456
1589.8908385170944,269.55421372876475,844.4134778959456
1590.3905787441875,279.9984932079428,844.4134778959456
1590.8270541308593,289.12057439540405,844.4134778959456
1590.8896048993493,290.4278489999471,844.4134778959456
1591.3264509085236,299.55767598169933,844.4134778959456
1591.7636216761273,308.6942902253413,844.4134778959456
1592.0131018247696,313.90827992571946,844.4134778959456
1592.2626765900766,319.12424705923803,844.4134778959456
1592.7632943351175,329.5868661520812,844.4134778959456
1593.077097754345,336.1451747177091,844.4134778959456
1593.3282741672926,341.3946153534253,844.4134778959456
1593.57954571836,346.64604432038595,844.4134778959456
1593.9555209076077,354.5037066434389,844.4134778959456
1594.4564397438007,364.9726183658707,844.4134778959456
1594.5193648656502,366.28771673743654,844.4134778959456
1594.582296671676,367.6029548043951,844.4134778959456
1594.5182267861774,366.26393153976767,844.4134778959456
1597.1880387017493,366.1361857804127,844.4134778959456
1594.9675584181703,366.24243181905837,844.4134778959456
1589.2617164991284,366.515446222978,844.4134778959456
1556.8542192865839,368.0660874183617,844.4134778959456
1484.480141329327,371.5290585334215,844.4134778959456
1397.1944673058697,375.70552304161566,844.4134778959456
1335.6232099977185,378.6515983712657,844.4134778959456
1296.3866961582246,380.5289958859126,844.4134778959456
1254.997354183942,382.509402404016,844.4134778959456
1226.7593115872087,383.8605425997649,844.4134778959456
1190.1439737221367,385.61252149847763,844.4134778959456
1170.511449223508,386.55190293411545,844.4134778959456
1149.6722800158097,387.5490201764343,844.4134778959456
1146.156676641608,387.71723555520646,844.4134778959456
1136.9348772736573,388.15848227974436,844.4134778959456
1129.782083375012,388.50073076652455,844.4134778959456
1118.182728561717,389.0557392972791,844.4134778959456
1118.6501755714849,389.00230742834975,842.8368333794141
1121.4547720405626,388.6817259980502,833.3772549637382
1126.2234290040674,376.54466291879123,812.8815979575699
1129.8704045009429,362.87960096386183,795.5389413010214
1136.4168975053635,329.0111231155013,760.853916671345
1147.8258254179038,279.68273908086815,704.0964461772666
1160.3564861732702,231.88204482456993,644.1856866501544
1166.060625837988,211.35789295218618,617.3835959196517
1169.240171431755,197.74641252318025,601.6175837796125
1171.2042148195346,185.92978121722464,590.5815051891236
1174.7580609548863,167.3074820793995,571.6623483577714
1179.0605338615164,138.66339097528075,546.4367578020581
1181.493278630498,110.2331721122356,527.5176009706977
1181.868227755183,96.94227311350528,521.21116724634
1182.804922033099,71.99503352394693,508.59844413934286
1183.3685530342136,35.49830729809683,492.83243199932906
1181.9699409059583,-14.022163473453752,478.6430643758052
1181.9717839590994,-38.86254421681434,469.18348596012794
1184.686314277938,-85.5411985754504,442.3813952296029
1189.2693525762877,-115.87327017303295,415.57930449909327
1192.823198711642,-134.4955693108547,396.6601476677443
1197.4050425399498,-148.26734045500922,376.1643463198534
1206.8486726932756,-169.21893749552652,336.74938814062705
1214.795603772452,-178.40747497264408,306.7941527187853
1220.3116930371853,-184.00602956476808,286.29835137091794
1224.6129457856707,-196.0896656667771,267.3791945395696
1229.2878761807508,-204.90419473635103,248.46003770821756
1234.2427832858582,-207.12647924419235,231.1175253933635
1240.8805625986633,-211.19733916629423,207.46857935418106
1243.9657672542078,-213.20590598173905,196.43235642199386
1245.1812095588066,-215.00089987007797,191.70256721414503
1248.4532530376464,-215.37491316930323,180.6663442819625
1253.8755900458586,-217.65077920306553,161.74718745061
1261.2613817601489,-223.46305148758273,134.9450967200857
1266.4031276885428,-224.0507824792285,117.6025844052524
1268.0860341095504,-225.8990585795233,111.29615068089804
1269.0208853343283,-226.00591742572018,108.14300598958071
1269.7689234239117,-227.74748433679258,104.98971695653736
1270.2363276389272,-227.8009113140591,103.4132167817322
1270.2363276389272,-227.8009113140591,105.09890839447323
1270.2363276389272,-227.8009113140591,123.24355793693375
1270.2363276389272,-227.8009113140591,171.70780288342291
1270.2363276389272,-227.8009113140591,220.6730084886499
1270.2363276389272,-227.8009113140591,248.00909514745953
1270.2363276389272,-227.8009113140591,270.1896954457997
1270.2363276389272,-227.8009113140591,271.7989049935248
1286.7308291475176,-228.59014392183468,271.7989049935248
1335.3439458430412,-230.91619523303834,271.7989049935248
1363.4972586074084,-232.26328125676395,271.7989049935248
1413.9140654407438,-234.67563593823576,271.7989049935248
1457.4389498374,-236.75822436915095,271.7989049935248
1491.9402591920712,-238.4090507575373,271.7989049935248
1519.7901042963833,-239.7416163925991,271.7989049935248
1534.04957406548,-240.4239067004026,271.7989049935248
1555.9374103457505,-241.4712008000179,271.7989049935248
1572.4864249716327,-242.26304176365656,271.7989049935248
1581.7627045015963,-242.70689526720597,271.7989049935248
1588.6361288003284,-243.03577641470906,271.7989049935248
1596.5660119729814,-243.41520724336726,271.7989049935248
1603.287674095316,-243.73682684021495,271.7989049935248
1615.8728973968218,-244.33900742751626,271.7989049935248
1620.4474408139915,-244.55789120697665,271.7989049935248
1623.6945641164166,-244.71326029105643,271.7989049935248
1629.0701689526488,-244.97047343696818,271.7989049935248
1638.6342675647847,-245.42809857251697,271.7989049935248
1649.0952758777505,-245.92863924460124,271.7989049935248
1662.4400831744242,-246.5671645772723,271.7989049935248
1665.4797094651854,-246.71260529779792,271.7989049935248
1682.239173886677,-247.5145159104592,271.7989049935248
1688.1141705529442,-247.79562406866435,271.7989049935248
1692.7821366990331,-248.01897795981208,271.7989049935248
1699.5151797977992,-248.34114211617273,271.7989049935248
1710.885926652353,-248.88521216204234,271.7989049935248
1720.1998166335472,-249.33086525889797,271.7989049935248
