time,a1,a2,a3,a4,a5,a6
2024-11-06 08:21:21,0.0,-89.13333181940897,126.46514434841474, 0.0,-37.33181252900579,0.0
2024-11-06 08:21:21,0.0,-92.12350704020022,124.62878307018019, 0.0,-32.50527602997998,0.0
2024-11-06 08:21:22,0.0,-89.13333181940897,126.46514434841474, 0.0,-37.33181252900579,0.0
2024-11-06 08:21:22,0.0,-91.75202764725431,124.89395662749718, 0.0,-33.141928980242845,0.0
2024-11-06 08:21:22,0.0,-92.12350704020024,124.6287830701802, 0.0,-32.505276029979974,0.0
2024-11-06 08:21:32,0.0,-92.16642965329268,124.59735469695181, 0.0,-32.43092504365914,0.0
2024-11-06 08:21:32,0.0,-92.67959256273883,124.20826514613873, 0.0,-31.52867258339991,0.0
2024-11-06 08:21:33,0.0,-92.71477110618832,124.18065802781885, 0.0,-31.46588692163052,0.0
2024-11-06 08:21:33,0.0,-92.7559178230984,124.14820974918489, 0.0,-31.392291926086482,0.0
2024-11-06 08:21:33,0.0,-92.82581494889436,124.09269614460767, 0.0,-31.26688119571332,0.0
2024-11-06 08:21:33,0.0,-92.86063877743936,124.06485220492826, 0.0,-31.204213427488874,0.0
2024-11-06 08:21:34,0.0,-92.82633531867329,124.09228099017089, 0.0,-31.265945671497615,0.0
2024-11-06 08:21:34,0.0,-92.79195117851637,124.11965342523123, 0.0,-31.327702246714885,0.0
2024-11-06 08:21:34,0.0,-92.53423613067602,124.32103814732483, 0.0,-31.786802016648814,0.0
2024-11-06 08:21:34,0.0,-92.46401019756414,124.37478408722232, 0.0,-31.910773889658184,0.0
2024-11-06 08:21:34,0.0,-92.4287757015817,124.40157162374399, 0.0,-31.972795922162305,0.0
2024-11-06 08:21:34,0.0,-92.39346014815928,124.42830212752709, 0.0,-32.034841979367805,0.0
2024-11-06 08:21:34,0.0,-92.32258575738923,124.48159180526723, 0.0,-32.15900604787801,0.0
2024-11-06 08:21:34,0.0,-92.28702686500941,124.50815086331896, 0.0,-32.221123998309544,0.0
2024-11-06 08:21:34,0.0,-92.25138680513174,124.53465265682333, 0.0,-32.283265851691596,0.0
2024-11-06 08:21:34,0.0,-92.09928333199042,124.64644636548344, 0.0,-32.54716303349303,0.0
2024-11-06 08:21:34,0.0,-92.0270699938851,124.69879001335578, 0.0,-32.67172001947064,0.0
2024-11-06 08:21:34,0.0,-91.95453124038919,124.75090291792735, 0.0,-32.79637167753817,0.0
2024-11-06 08:21:34,0.0,-91.91813977203608,124.77687269567215, 0.0,-32.858732923636076,0.0
2024-11-06 08:21:34,0.0,-91.88166687749047,124.80278461256086, 0.0,-32.921117735070396,0.0
2024-11-06 08:21:34,0.0,-91.77175940405019,124.88017261379801, 0.0,-33.108413209747816,0.0
2024-11-06 08:21:35,0.0,-91.73496057374886,124.90585250281707, 0.0,-33.170891929068205,0.0
2024-11-06 08:21:35,0.0,-91.69808020343116,124.93147423860526, 0.0,-33.23339403517411,0.0
2024-11-06 08:21:35,0.0,-91.6611182713366,124.9570377625961, 0.0,-33.29591949125951,0.0
2024-11-06 08:21:35,0.0,-91.62407475604819,124.98254301619659, 0.0,-33.35846826014842,0.0
2024-11-06 08:21:35,0.0,-91.58694963648587,125.00798994078528, 0.0,-33.4210403042994,0.0
2024-11-06 08:21:35,0.0,-91.54974289191323,125.03337847771077, 0.0,-33.483635585797565,0.0
2024-11-06 08:21:35,0.0,-91.51245450193649,125.05870856830117, 0.0,-33.54625406636468,0.0
2024-11-06 08:21:36,0.0,-91.50602328890153,125.06306580080808, 0.0,-33.55704251190656,0.0
2024-11-06 08:21:36,0.0,-91.72110866258097,124.91548924889076, 0.0,-33.1943805863098,0.0
2024-11-06 08:21:36,0.0,-91.79430338886235,124.86438345840594, 0.0,-33.07008006954361,0.0
2024-11-06 08:21:37,0.0,-92.00065450756833,124.71782113072946, 0.0,-32.717166623161155,0.0
2024-11-06 08:21:37,0.0,-92.03667261772827,124.69185641815281, 0.0,-32.655183800424545,0.0
2024-11-06 08:21:37,0.0,-92.10846734553343,124.63975584800687, 0.0,-32.53128850247346,0.0
2024-11-06 08:21:37,0.0,-92.1442440124301,124.61362010516909, 0.0,-32.469376092739,0.0
2024-11-06 08:21:37,0.0,-92.17994024801712,124.58742746691834, 0.0,-32.40748721890123,0.0
2024-11-06 08:21:37,0.0,-92.21555607770804,124.56117799053557, 0.0,-32.345621912827525,0.0
2024-11-06 08:21:37,0.0,-92.2569928711136,124.53049180318652, 0.0,-32.273498932072926,0.0
2024-11-06 08:21:37,0.0,-92.32778115046943,124.47770146808826, 0.0,-32.14992031761882,0.0
2024-11-06 08:21:37,0.0,-92.36305488246418,124.45122140786063, 0.0,-32.08816652539645,0.0
2024-11-06 08:21:37,0.0,-92.3688892493677,124.44683026534875, 0.0,-32.077941015981054,0.0
2024-11-06 08:21:37,0.0,-92.40406206434216,124.4202899230536, 0.0,-32.01622785871146,0.0
2024-11-06 08:21:37,0.0,-92.43915470900286,124.3936931519107, 0.0,-31.954538442907825,0.0
2024-11-06 08:21:37,0.0,-92.47416721098043,124.36704000884905, 0.0,-31.892872797868616,0.0
2024-11-06 08:21:37,0.0,-92.50909959820284,124.3403305507527, 0.0,-31.83123095254987,0.0
2024-11-06 08:21:37,0.0,-92.54395189889898,124.31356483446889, 0.0,-31.769612935569924,0.0
2024-11-06 08:21:37,0.0,-92.5381336805003,124.31804127577826, 0.0,-31.77990759527796,0.0
2024-11-06 08:21:37,0.0,-92.57292672306971,124.29122301020676, 0.0,-31.718296287137065,0.0
2024-11-06 08:21:37,0.0,-92.60763969742203,124.26434856654473, 0.0,-31.656708869122703,0.0
2024-11-06 08:21:37,0.0,-92.64227263264168,124.23741800155258, 0.0,-31.595145368910938,0.0
2024-11-06 08:21:38,0.0,-92.6768255581079,124.21043137195278, 0.0,-31.533605813844876,0.0
2024-11-06 08:21:41,0.0,-92.68250246360058,124.205986227177, 0.0,-31.523483763576404,0.0
2024-11-06 08:21:41,0.0,-92.92668711978554,124.01169841741316, 0.0,-31.085011297627627,0.0
2024-11-06 08:21:41,0.0,-93.12646763613402,123.84812816969962, 0.0,-30.721660533565615,0.0
2024-11-06 08:21:41,0.0,-93.54876794035154,123.4879284729837, 0.0,-29.93916053263216,0.0
2024-11-06 08:21:41,0.0,-94.1189177802974,122.96791517474787, 0.0,-28.84899739445046,0.0
2024-11-06 08:21:41,0.0,-94.25657240545989,122.83608583481103, 0.0,-28.579513429351138,0.0
2024-11-06 08:21:41,0.0,-94.35537519220931,122.73986776433603, 0.0,-28.384492572126714,0.0
2024-11-06 08:21:41,0.0,-94.75082935644592,122.34073791417111, 0.0,-27.589908557725202,0.0
2024-11-06 08:21:41,0.0,-94.78027264450428,122.31008593169989, 0.0,-27.5298132871956,0.0
2024-11-06 08:21:41,0.0,-94.86813518611167,122.21781394818333, 0.0,-27.34967876207167,0.0
2024-11-06 08:21:41,0.0,-94.9552977206012,122.12506902137102, 0.0,-27.16977130076983,0.0
2024-11-06 08:21:41,0.0,-94.98848325114317,122.08943631375487, 0.0,-27.10095306261171,0.0
2024-11-06 08:21:41,0.0,-95.01728690533255,122.05836294117587, 0.0,-27.041076035843332,0.0
2024-11-06 08:21:41,0.0,-95.04601305650215,122.02723731232521, 0.0,-26.981224255823058,0.0
2024-11-06 08:21:41,0.0,-95.10323304089104,121.96482949504502, 0.0,-26.861596454153986,0.0
2024-11-06 08:21:41,0.0,-95.1317269701192,121.9335474110268, 0.0,-26.80182044090761,0.0
2024-11-06 08:21:41,0.0,-95.160143588343,121.90221327955885, 0.0,-26.74206969121585,0.0
2024-11-06 08:21:41,0.0,-95.39344448834159,121.63965635315273, 0.0,-26.246211864811155,0.0
2024-11-06 08:21:41,0.0,-95.42113604252445,121.60784822609361, 0.0,-26.18671218356915,0.0
2024-11-06 08:21:41,0.0,-95.4487508340613,121.57598861086018, 0.0,-26.127237776798896,0.0
2024-11-06 08:21:41,0.0,-95.56454668181173,121.44085052307751, 0.0,-25.876303841265784,0.0
2024-11-06 08:21:41,0.0,-95.61889945789973,121.37654384120776, 0.0,-25.75764438330803,0.0
2024-11-06 08:21:41,0.0,-95.645961225438,121.34431379318353, 0.0,-25.69835256774553,0.0
2024-11-06 08:21:41,0.0,-95.69985577607244,121.27970053510354, 0.0,-25.5798447590311,0.0
2024-11-06 08:21:41,0.0,-95.7266886622544,121.24731742563408, 0.0,-25.520628763379687,0.0
2024-11-06 08:21:41,0.0,-95.70025682726205,121.27921757968423, 0.0,-25.57896075242218,0.0
2024-11-06 08:21:41,0.0,-95.17600298112987,121.88466578648192, 0.0,-26.70866280535204,0.0
2024-11-06 08:21:42,0.0,-94.7416307600207,122.35028673521501, 0.0,-27.608655975194296,0.0
2024-11-06 08:21:42,0.0,-94.42567580001135,122.67057488440504, 0.0,-28.24489908439369,0.0
2024-11-06 08:21:42,0.0,-93.58654321071648,123.45471059365445, 0.0,-29.868167382937965,0.0
2024-11-06 08:21:42,0.0,-93.47350771138659,123.55360927694909, 0.0,-30.080101565562497,0.0
2024-11-06 08:21:42,0.0,-92.7698863318125,124.1371553656499, 0.0,-31.36726903383741,0.0
2024-11-06 08:21:42,0.0,-92.74166613868108,124.15946791633706, 0.0,-31.417801777655978,0.0
2024-11-06 08:21:42,0.0,-92.63972558143819,124.23940262265128, 0.0,-31.599677041213113,0.0
2024-11-06 08:21:42,0.0,-92.57709745883552,124.28800030639742, 0.0,-31.710902847561893,0.0
2024-11-06 08:21:42,0.0,-92.50847802445745,124.34080683687283, 0.0,-31.83232881241538,0.0
2024-11-06 08:21:42,0.0,-92.35232041167487,124.45929216408872, 0.0,-32.10697175241385,0.0
2024-11-06 08:21:42,0.0,-92.3234188050992,124.48096818477582, 0.0,-32.15754937967665,0.0
2024-11-06 08:21:42,0.0,-92.28859237868089,124.50698405349823, 0.0,-32.218391674817326,0.0
2024-11-06 08:21:42,0.0,-92.15809853471094,124.60346790161192, 0.0,-32.44536936690099,0.0
2024-11-06 08:21:42,0.0,-91.57773897802282,125.01428559512898, 0.0,-33.436546617106174,0.0
2024-11-06 08:21:42,0.0,-91.41731154458257,125.12282621732824, 0.0,-33.70551467274567,0.0
2024-11-06 08:21:42,0.0,-90.77053735664722,125.53991637106239, 0.0,-34.76937901441517,0.0
2024-11-06 08:21:42,0.0,-90.69266162831912,125.58801832892846, 0.0,-34.89535670060934,0.0
2024-11-06 08:21:42,0.0,-90.61449582829358,125.63585955637285, 0.0,-35.021363728079294,0.0
2024-11-06 08:21:42,0.0,-90.01526391005113,125.98849354569136, 0.0,-35.973229635640216,0.0
2024-11-06 08:21:42,0.0,-89.89398031296827,126.0569365519446, 0.0,-36.162956238976335,0.0
2024-11-06 08:21:42,0.0,-89.61242461366582,126.21219222533004, 0.0,-36.59976761166422,0.0
2024-11-06 08:21:42,0.0,-89.30686684970064,126.37511396414321, 0.0,-37.06824711444258,0.0
2024-11-06 08:21:42,0.0,-89.18166384560149,126.44024805940367, 0.0,-37.25858421380219,0.0
2024-11-06 08:21:42,0.0,-89.09935886059152,126.48256238858836, 0.0,-37.383203527996834,0.0
2024-11-06 08:21:42,0.0,-88.97395919013215,126.54627586254482, 0.0,-37.57231667241267,0.0
2024-11-06 08:21:42,0.0,-88.88954629466863,126.58865639297059, 0.0,-37.69911009830197,0.0
2024-11-06 08:21:42,0.0,-88.84790093430827,126.60941585445578, 0.0,-37.76151492014752,0.0
2024-11-06 08:21:42,0.0,-88.80617760385478,126.63011606282798, 0.0,-37.82393845897322,0.0
2024-11-06 08:21:42,0.0,-88.73038715979307,126.66746838106015, 0.0,-37.93708122126707,0.0
2024-11-06 08:21:42,0.0,-88.6543727177484,126.70461019880614, 0.0,-38.05023748105774,0.0
2024-11-06 08:21:42,0.0,-88.33956208850442,126.85507297953255, 0.0,-38.515510891028136,0.0
2024-11-06 08:21:42,0.0,-88.03273416722516,126.99665420109064, 0.0,-38.9639200338655,0.0
2024-11-06 08:21:42,0.0,-87.70891981661049,127.14084265080709, 0.0,-39.43192283419659,0.0
2024-11-06 08:21:43,0.0,-87.62130930081271,127.17895526977459, 0.0,-39.557645968961886,0.0
2024-11-06 08:21:43,0.0,-87.62980477564493,127.17527604914994, 0.0,-39.54547127350502,0.0
2024-11-06 08:21:43,0.0,-87.63829379405482,127.17159609232161, 0.0,-39.53330229826679,0.0
2024-11-06 08:21:43,0.0,-87.65525248456991,127.16423397915217, 0.0,-39.50898149458226,0.0
2024-11-06 08:21:43,0.0,-87.87090458714984,127.06937352988159, 0.0,-39.19846894273175,0.0
2024-11-06 08:21:43,0.0,-88.28729806250894,126.87953780152569, 0.0,-38.59223973901675,0.0
2024-11-06 08:21:43,0.0,-88.69769262341572,126.68348264553094, 0.0,-37.985790022115225,0.0
2024-11-06 08:21:43,0.0,-89.29827687288468,126.3796124602597, 0.0,-37.081335587375015,0.0
2024-11-06 08:21:43,0.0,-89.90125226291194,126.0528597257261, 0.0,-36.151607462814155,0.0
2024-11-06 08:21:43,0.0,-90.41683636026423,125.75490354260359, 0.0,-35.338067182339366,0.0
2024-11-06 08:21:43,0.0,-90.96441677616356,125.41822867277166, 0.0,-34.45381189660812,0.0
2024-11-06 08:21:43,0.0,-91.58051806170764,125.01238677867238, 0.0,-33.431868716964765,0.0
2024-11-06 08:21:43,0.0,-92.10099936556105,124.64519681867849, 0.0,-32.54419745311743,0.0
2024-11-06 08:21:43,0.0,-92.24531085085381,124.53915898700374, 0.0,-32.29384813614993,0.0
2024-11-06 08:21:43,0.0,-92.66206489082573,124.22197429497261, 0.0,-31.559909404146868,0.0
2024-11-06 08:21:43,0.0,-92.73833830795182,124.16209379826977, 0.0,-31.42375549031794,0.0
2024-11-06 08:21:43,0.0,-93.12936417670758,123.84572522816609, 0.0,-30.716361051458524,0.0
2024-11-06 08:21:43,0.0,-93.44781782183915,123.57587835119122, 0.0,-30.128060529352066,0.0
2024-11-06 08:21:43,0.0,-93.6881386967375,123.36452815678435, 0.0,-29.67638946004685,0.0
2024-11-06 08:21:43,0.0,-93.87580382819414,123.1946354298986, 0.0,-29.31883160170443,0.0
2024-11-06 08:21:43,0.0,-93.93868807507397,123.13672194446046, 0.0,-29.1980338693865,0.0
2024-11-06 08:21:43,0.0,-94.4021957431353,122.69379610270293, 0.0,-28.291600359567646,0.0
2024-11-06 08:21:43,0.0,-94.49920687997437,122.59734435439717, 0.0,-28.098137474422796,0.0
2024-11-06 08:21:43,0.0,-94.52913469091257,122.56731529106396, 0.0,-28.03818060015139,0.0
2024-11-06 08:21:43,0.0,-94.47009843438374,122.62642676502975, 0.0,-28.15632833064602,0.0
2024-11-06 08:21:43,0.0,-94.4035486379789,122.6924602465102, 0.0,-28.28891160853131,0.0
2024-11-06 08:21:43,0.0,-94.17825792556505,122.91139955471006, 0.0,-28.733141629145003,0.0
2024-11-06 08:21:43,0.0,-94.04693571415494,123.03584337559968, 0.0,-28.988907661444728,0.0
2024-11-06 08:21:44,0.0,-93.68479640463138,123.3675147379714, 0.0,-29.682718333340038,0.0
2024-11-06 08:21:44,0.0,-93.65324734455251,123.39563959089071, 0.0,-29.74239224633821,0.0
2024-11-06 08:21:44,0.0,-93.62162220299201,123.42371207455297, 0.0,-29.802089871560963,0.0
2024-11-06 08:21:44,0.0,-93.412725547676,123.60617482445544, 0.0,-30.193449276779436,0.0
2024-11-06 08:21:44,0.0,-93.34826361535166,123.66146028588454, 0.0,-30.313196670532893,0.0
2024-11-06 08:21:44,0.0,-93.35350110886961,123.65698600010995, 0.0,-30.30348489124034,0.0
2024-11-06 08:21:44,0.0,-93.28877205703554,123.7120657124191, 0.0,-30.42329365538357,0.0
2024-11-06 08:21:44,0.0,-93.25629294213783,123.73952621681923, 0.0,-30.483233274681407,0.0
2024-11-06 08:21:44,0.0,-93.19110537062609,123.79428825880744, 0.0,-30.603182888181355,0.0
2024-11-06 08:21:44,0.0,-92.98359142414279,123.96553887910426, 0.0,-30.98194745496148,0.0
2024-11-06 08:21:44,0.0,-92.8812283604963,124.04833077142237, 0.0,-31.16710241092608,0.0
2024-11-06 08:21:44,0.0,-92.74521656584692,124.15666516048171, 0.0,-31.411448594634816,0.0
2024-11-06 08:21:44,0.0,-92.64194939071852,124.23766990199101, 0.0,-31.595720511272475,0.0
2024-11-06 08:21:44,0.0,-92.57398403700945,124.29040619063821, 0.0,-31.716422153628752,0.0
2024-11-06 08:21:44,0.0,-92.22092748330991,124.5572090874864, 0.0,-32.336281604176484,0.0
2024-11-06 08:21:44,0.0,-91.91326355531496,124.78034367815516, 0.0,-32.86708012284021,0.0
2024-11-06 08:21:44,0.0,-91.67880773272842,124.944817724537, 0.0,-33.26600999180857,0.0
2024-11-06 08:21:44,0.0,-91.5520200349943,125.0318279133107, 0.0,-33.47980787831643,0.0
2024-11-06 08:21:44,0.0,-91.47941333913505,125.08105855191914, 0.0,-33.601645212784106,0.0
2024-11-06 08:21:44,0.0,-91.36992358336191,125.15448886458766, 0.0,-33.78456528122577,0.0
2024-11-06 08:21:44,0.0,-91.37629887895571,125.15023963352091, 0.0,-33.773940754565196,0.0
2024-11-06 08:21:44,0.0,-91.33966876673259,125.17460994351595, 0.0,-33.834941176783374,0.0
2024-11-06 08:21:45,0.0,-91.40247939162352,125.2359135454318, 0.0,-33.833434153808284,0.0
2024-11-06 08:21:45,0.0,-92.40379228033815,126.2038882468309, 0.0,-33.800095966492776,0.0
2024-11-06 08:21:45,0.0,-94.17779415120971,127.87587186019113, 0.0,-33.69807770898143,0.0
2024-11-06 08:21:45,0.0,-96.01293640416552,129.5479600170786, 0.0,-33.53502361291308,0.0
2024-11-06 08:21:45,0.0,-96.60417946201203,130.07428298099475, 0.0,-33.47010351898274,0.0
2024-11-06 08:21:45,0.0,-96.8336049456119,130.27689830279124, 0.0,-33.44329335717935,0.0
2024-11-06 08:21:45,0.0,-97.2127442191458,130.6097531102984, 0.0,-33.3970088911526,0.0
2024-11-06 08:21:45,0.0,-97.37912422650172,130.75504449284898, 0.0,-33.375920266347265,0.0
2024-11-06 08:21:45,0.0,-97.91763686991354,131.22205707502314, 0.0,-33.30442020510961,0.0
2024-11-06 08:21:45,0.0,-98.08500051181751,131.36619167571692, 0.0,-33.2811911638994,0.0
2024-11-06 08:21:45,0.0,-99.05072766628648,132.18858396611694, 0.0,-33.13785629983046,0.0
2024-11-06 08:21:45,0.0,-102.13617163899124,134.71101997633951, 0.0,-32.574848337348314,0.0
2024-11-06 08:21:45,0.0,-104.01838385942892,136.17256511566023, 0.0,-32.1541812562313,0.0
2024-11-06 08:21:45,0.0,-105.33402065662688,137.16015953401626, 0.0,-31.82613887738941,0.0
2024-11-06 08:21:46,0.0,-105.4231540068278,137.22606893163294, 0.0,-31.802914924805155,0.0
2024-11-06 08:21:46,0.0,-106.24499290104698,137.82785368822556, 0.0,-31.582860787178568,0.0
2024-11-06 08:21:46,0.0,-106.66474901772834,138.13111743343643, 0.0,-31.466368415708086,0.0
2024-11-06 08:21:46,0.0,-107.6602305548872,138.839354581323, 0.0,-31.179124026435797,0.0
2024-11-06 08:21:46,0.0,-107.73488551244857,138.89184977851514, 0.0,-31.156964266066563,0.0
2024-11-06 08:21:46,0.0,-107.71806461031048,138.880029300771, 0.0,-31.161964690460547,0.0
2024-11-06 08:21:46,0.0,-107.55423231209397,138.764672115254, 0.0,-31.21043980316005,0.0
2024-11-06 08:21:46,0.0,-107.46401115609007,138.7009689971796, 0.0,-31.2369578410895,0.0
2024-11-06 08:21:46,0.0,-104.79774190607608,136.76094118900673, 0.0,-31.963199282930677,0.0
2024-11-06 08:21:46,0.0,-103.37840248685299,135.68208875999537, 0.0,-32.30368627314238,0.0
2024-11-06 08:21:46,0.0,-102.3461469499903,134.87693535001864, 0.0,-32.53078840002832,0.0
2024-11-06 08:21:46,0.0,-100.25069746491354,133.18849671764502, 0.0,-32.9377992527315,0.0
2024-11-06 08:21:46,0.0,-98.33462292363683,131.5802821150674, 0.0,-33.245659191430605,0.0
2024-11-06 08:21:46,0.0,-97.47939974568266,130.84238141284703, 0.0,-33.36298166716438,0.0
2024-11-06 08:21:46,0.0,-95.46187888146939,129.05198560403795, 0.0,-33.590106722568564,0.0
2024-11-06 08:21:46,0.0,-93.08251659565155,126.8500579354687, 0.0,-33.76754133981716,0.0
2024-11-06 08:21:46,0.0,-92.08869386448048,125.90117012981487, 0.0,-33.812476265334396,0.0
2024-11-06 08:21:46,0.0,-90.52168298833405,124.36994779635758, 0.0,-33.84826480802354,0.0
2024-11-06 08:21:46,0.0,-88.6752896257774,122.51057952779033, 0.0,-33.8352899020129,0.0
2024-11-06 08:21:46,0.0,-88.01864887756106,121.83494658636991, 0.0,-33.81629770880885,0.0
2024-11-06 08:21:46,0.0,-86.46419876625693,120.20552511666094, 0.0,-33.74132635040401,0.0
2024-11-06 08:21:46,0.0,-84.10507075747162,117.65233114836991, 0.0,-33.54726039089829,0.0
2024-11-06 08:21:46,0.0,-82.49559813623944,115.85532699400204, 0.0,-33.35972885776263,0.0
2024-11-06 08:21:46,0.0,-81.58281367485284,114.81648738990162, 0.0,-33.23367371504878,0.0
2024-11-06 08:21:46,0.0,-80.25555068368979,113.28070517483496, 0.0,-33.02515449114519,0.0
2024-11-06 08:21:47,0.0,-80.31439026363805,113.34941854294956, 0.0,-33.03502827931154,0.0
2024-11-06 08:21:47,0.0,-81.25152701604944,114.43594509788949, 0.0,-33.18441808184005,0.0
2024-11-06 08:21:47,0.0,-82.85148939168138,116.25651309255221, 0.0,-33.405023700870856,0.0
2024-11-06 08:21:47,0.0,-85.01439762152363,118.64788477368548, 0.0,-33.633487152161834,0.0
2024-11-06 08:21:47,0.0,-85.78202606388399,119.47715874015776, 0.0,-33.695132676273765,0.0
2024-11-06 08:21:47,0.0,-86.85450970647497,120.61862321074435, 0.0,-33.764113504269346,0.0
2024-11-06 08:21:47,0.0,-87.34448598383848,121.13344601813621, 0.0,-33.78896003429775,0.0
2024-11-06 08:21:47,0.0,-87.48331189945573,121.27855025772132, 0.0,-33.79523835826561,0.0
2024-11-06 08:21:47,0.0,-87.60465710881496,121.40510767950354, 0.0,-33.8004505706886,0.0
2024-11-06 08:21:47,0.0,-87.82013579858847,121.62920825864651, 0.0,-33.80907246005805,0.0
2024-11-06 08:21:47,0.0,-88.72706629808609,122.56353305143378, 0.0,-33.83646675334769,0.0
2024-11-06 08:21:47,0.0,-88.66686266104107,122.5019565864488, 0.0,-33.835093925407755,0.0
2024-11-06 08:21:47,0.0,-88.39719209754617,122.22535879922998, 0.0,-33.82816670168383,0.0
2024-11-06 08:21:47,0.0,-87.67971379381437,121.48325962217824, 0.0,-33.803545828363866,0.0
2024-11-06 08:21:47,0.0,-86.68718373610551,120.4418534104391, 0.0,-33.754669674333584,0.0
2024-11-06 08:21:47,0.0,-85.33233059666401,118.99258974917514, 0.0,-33.66025915251116,0.0
2024-11-06 08:21:47,0.0,-85.10586795171288,118.7472369787636, 0.0,-33.64136902705073,0.0
2024-11-06 08:21:47,0.0,-83.92745127589748,117.45620211423514, 0.0,-33.528750838337686,0.0
2024-11-06 08:21:47,0.0,-81.57227075327135,114.80440564616224, 0.0,-33.23213489289089,0.0
2024-11-06 08:21:48,0.0,-79.99026226949688,112.97017648469098, 0.0,-32.97991421519411,0.0
2024-11-06 08:21:48,0.0,-78.31914868521842,110.98704399544884, 0.0,-32.667895310230435,0.0
2024-11-06 08:21:48,0.0,-78.198319735804,110.84185648340689, 0.0,-32.64353674760287,0.0
2024-11-06 08:21:48,0.0,-78.4276811644847,111.11725038285516, 0.0,-32.68956921837049,0.0
2024-11-06 08:21:48,0.0,-79.07773259317662,111.8930299736709, 0.0,-32.815297380494286,0.0
2024-11-06 08:21:48,0.0,-79.31875635104261,112.17888528121897, 0.0,-32.86012893017636,0.0
2024-11-06 08:21:48,0.0,-79.88286739839762,112.84413135905656, 0.0,-32.96126396065895,0.0
2024-11-06 08:21:48,0.0,-81.49254061410923,114.71297715187562, 0.0,-33.2204365377664,0.0
2024-11-06 08:21:48,0.0,-82.11127235295127,115.41965663803107, 0.0,-33.30838428507981,0.0
2024-11-06 08:21:48,0.0,-83.77453330679383,117.28691321517377, 0.0,-33.51237990837994,0.0
2024-11-06 08:21:48,0.0,-87.1186480770907,120.8966761621592, 0.0,-33.7780280850685,0.0
2024-11-06 08:21:48,0.0,-88.73265795694991,122.56924899966151, 0.0,-33.8365910427116,0.0
2024-11-06 08:21:48,0.0,-90.60607411373562,124.45350599845028, 0.0,-33.847431884714695,0.0
2024-11-06 08:21:48,0.0,-92.82648214953748,126.60724810104225, 0.0,-33.78076595150477,0.0
2024-11-06 08:21:48,0.0,-92.90656360819101,126.68331608416537, 0.0,-33.77675247597436,0.0
2024-11-06 08:21:48,0.0,-92.96964353373349,126.74315585437952, 0.0,-33.773512320646034,0.0
2024-11-06 08:21:48,0.0,-92.90750482621262,126.68420946570465, 0.0,-33.77670463949206,0.0
2024-11-06 08:21:48,0.0,-92.09220269390137,125.90455064547496, 0.0,-33.812347951573585,0.0
2024-11-06 08:21:48,0.0,-89.61287667225925,123.46221173125605, 0.0,-33.8493350589968,0.0
2024-11-06 08:21:48,0.0,-86.95548894599007,120.72506558283305, 0.0,-33.769576636842984,0.0
2024-11-06 08:21:49,0.0,-85.30351563156059,118.96142058287279, 0.0,-33.657904951312204,0.0
2024-11-06 08:21:49,0.0,-83.73129855449514,117.23897686053306, 0.0,-33.50767830603792,0.0
2024-11-06 08:21:49,0.0,-83.53794792952499,117.02420654080586, 0.0,-33.486258611280874,0.0
2024-11-06 08:21:49,0.0,-83.67442552454627,117.17587012005097, 0.0,-33.50144459550471,0.0
2024-11-06 08:21:49,0.0,-84.83032840541979,118.44751541264512, 0.0,-33.617187007225354,0.0
2024-11-06 08:21:49,0.0,-87.21735701468181,121.00027268891259, 0.0,-33.78291567423081,0.0
2024-11-06 08:21:49,0.0,-88.06734427009174,121.88530916637899, 0.0,-33.81796489628726,0.0
2024-11-06 08:21:49,0.0,-89.24427088943244,123.08991920901741, 0.0,-33.84564831958495,0.0
2024-11-06 08:21:49,0.0,-89.69912581805428,123.54898021100183, 0.0,-33.84985439294755,0.0
2024-11-06 08:21:49,0.0,-90.6691403577335,124.51586841302414, 0.0,-33.84672805529063,0.0
2024-11-06 08:21:49,0.0,-91.2688293911862,125.10538742705374, 0.0,-33.836558035867554,0.0
2024-11-06 08:21:49,0.0,-93.53222202224403,127.27376938901695, 0.0,-33.741547366772934,0.0
2024-11-06 08:21:49,0.0,-95.40744255449337,129.00270606750595, 0.0,-33.59526351301258,0.0
2024-11-06 08:21:49,0.0,-98.17572381024547,131.4441237827552, 0.0,-33.2683999725097,0.0
2024-11-06 08:21:49,0.0,-98.6830619060433,131.87735279168896, 0.0,-33.19429088564567,0.0
2024-11-06 08:21:50,0.0,-98.6174375325234,131.82156052010134, 0.0,-33.20412298757793,0.0
2024-11-06 08:21:50,0.0,-96.44630470596692,129.93433189127214, 0.0,-33.48802718530522,0.0
2024-11-06 08:21:50,0.0,-94.59585540867621,128.26191914534243, 0.0,-33.66606373666623,0.0
2024-11-06 08:21:50,0.0,-91.93028026839598,125.74832543346807, 0.0,-33.818045165072085,0.0
2024-11-06 08:21:50,0.0,-90.29362438990114,124.1435165038649, 0.0,-33.84989211396377,0.0
2024-11-06 08:21:50,0.0,-89.32601288189943,123.17268396626055, 0.0,-33.84667108436112,0.0
2024-11-06 08:21:50,0.0,-88.83245119142678,122.6711684189292, 0.0,-33.838717227502414,0.0
2024-11-06 08:21:50,0.0,-88.09221770999831,121.91101821019674, 0.0,-33.81880050019843,0.0
2024-11-06 08:21:50,0.0,-87.63478670003556,121.436491601873, 0.0,-33.80170490183744,0.0
2024-11-06 08:21:51,0.0,-88.34680765415008,122.17353910110806, 0.0,-33.82673144695798,0.0
2024-11-06 08:21:51,0.0,-89.83478525807418,123.68519303636297, 0.0,-33.8504077782888,0.0
2024-11-06 08:21:51,0.0,-90.96130916377858,124.8038684181722, 0.0,-33.84255925439365,0.0
2024-11-06 08:21:51,0.0,-92.17037919726666,125.97981254351056, 0.0,-33.809433346243935,0.0
2024-11-06 08:21:51,0.0,-93.07293239160727,126.84098936529917, 0.0,-33.76805697369192,0.0
2024-11-06 08:21:51,0.0,-94.64242332494743,128.30473326387644, 0.0,-33.66230993892902,0.0
2024-11-06 08:21:51,0.0,-96.0841482818191,129.611671426066, 0.0,-33.527523144246935,0.0
2024-11-06 08:21:51,0.0,-97.02360981007908,130.4440157934352, 0.0,-33.42040598335612,0.0
2024-11-06 08:21:51,0.0,-98.89970152253889,132.06101642815116, 0.0,-33.16131490561233,0.0
2024-11-06 08:21:51,0.0,-101.876610051628,134.50492018309274, 0.0,-32.628310131464765,0.0
2024-11-06 08:21:51,0.0,-102.55403562198791,135.04048860815075, 0.0,-32.486452986162845,0.0
2024-11-06 08:21:51,0.0,-102.41657328396228,134.93242161962797, 0.0,-32.5158483356657,0.0
2024-11-06 08:21:51,0.0,-102.34793054567382,134.87834158331452, 0.0,-32.530411037640704,0.0
2024-11-06 08:21:51,0.0,-101.49266161161853,134.19801433693098, 0.0,-32.705352725312466,0.0
2024-11-06 08:21:51,0.0,-101.34044567487776,134.07566658189842, 0.0,-32.735220907020675,0.0
2024-11-06 08:21:51,0.0,-99.47143759010953,132.5419137202199, 0.0,-33.07047613011035,0.0
2024-11-06 08:21:51,0.0,-98.3738839335891,131.6138581679279, 0.0,-33.239974234338845,0.0
2024-11-06 08:21:51,0.0,-97.30767408292354,130.6927086715167, 0.0,-33.38503458859317,0.0
2024-11-06 08:21:51,0.0,-96.0937330699351,129.6202400134755, 0.0,-33.526506943540355,0.0
2024-11-06 08:21:51,0.0,-95.19185036871295,128.80703375689654, 0.0,-33.61518338818359,0.0
2024-11-06 08:21:51,0.0,-93.396366259406,127.14613779093509, 0.0,-33.7497715315291,0.0
2024-11-06 08:21:51,0.0,-91.58589304371893,125.4145316313166, 0.0,-33.82863858759767,0.0
2024-11-06 08:21:51,0.0,-88.9210306876123,122.7614892297386, 0.0,-33.84045854212631,0.0
2024-11-06 08:21:51,0.0,-87.19385081403311,120.97561799356185, 0.0,-33.78176717952873,0.0
2024-11-06 08:21:51,0.0,-86.58947752841563,120.3384071011997, 0.0,-33.74892957278409,0.0
2024-11-06 08:21:52,0.0,-86.34024621762192,120.07378089848244, 0.0,-33.73353468086053,0.0
2024-11-06 08:21:52,0.0,-86.28095179487417,120.01066466308667, 0.0,-33.7297128682125,0.0
2024-11-06 08:21:52,0.0,-86.16243044185318,119.88432068404663, 0.0,-33.72189024219347,0.0
2024-11-06 08:21:52,0.0,-85.94178706841672,119.64846367094682, 0.0,-33.70667660253011,0.0
2024-11-06 08:21:52,0.0,-86.00185063834701,119.71275254860177, 0.0,-33.71090191025476,0.0
2024-11-06 08:21:52,0.0,-86.8037753726761,120.56507698716017, 0.0,-33.76130161448406,0.0
2024-11-06 08:21:52,0.0,-88.05807914634285,121.8757300241159, 0.0,-33.81765087777303,0.0
2024-11-06 08:21:52,0.0,-88.69937255629031,122.53521568119446, 0.0,-33.83584312490416,0.0
2024-11-06 08:21:52,0.0,-89.11813654421253,122.96197723238282, 0.0,-33.843840688170296,0.0
2024-11-06 08:21:52,0.0,-90.14441592555467,123.99488006677825, 0.0,-33.8504641412236,0.0
2024-11-06 08:21:52,0.0,-90.54016327583568,124.38825634626427, 0.0,-33.84809307042859,0.0
2024-11-06 08:21:52,0.0,-91.32727674521018,125.16250709550576, 0.0,-33.835230350295596,0.0
2024-11-06 08:21:52,0.0,-91.73432159009039,125.55864871295424, 0.0,-33.82432712286385,0.0
2024-11-06 08:21:52,0.0,-92.62155836377339,126.41208509912668, 0.0,-33.790526735353325,0.0
2024-11-06 08:21:52,0.0,-93.58940553535514,127.32739513600332, 0.0,-33.737989600648184,0.0
2024-11-06 08:21:52,0.0,-94.14787976397405,127.84813187417718, 0.0,-33.700252110203145,0.0
2024-11-06 08:21:52,0.0,-96.4483645424081,129.93616063153792, 0.0,-33.48779608912982,0.0
2024-11-06 08:21:52,0.0,-99.29600316529715,132.39493972475137, 0.0,-33.098936559454266,0.0
2024-11-06 08:21:52,0.0,-101.261937528246,134.01241333042753, 0.0,-32.75047580218153,0.0
2024-11-06 08:21:52,0.0,-102.16585969243606,134.73452247799258, 0.0,-32.56866278555652,0.0
2024-11-06 08:21:53,0.0,-102.09752587747965,134.6804043878217, 0.0,-32.58287851034207,0.0
2024-11-06 08:21:53,0.0,-101.1429409355744,133.91634388246015, 0.0,-32.77340294688575,0.0
2024-11-06 08:21:53,0.0,-99.9435059701113,132.93482556070873, 0.0,-32.99131959059743,0.0
2024-11-06 08:21:53,0.0,-97.85395245534173,131.16708629380457, 0.0,-33.31313383846291,0.0
2024-11-06 08:21:53,0.0,-97.33861505735696,130.7197134752304, 0.0,-33.38109841787346,0.0
2024-11-06 08:21:53,0.0,-96.88345901058972,130.32080702881134, 0.0,-33.43734801822163,0.0
2024-11-06 08:21:53,0.0,-96.35173039702387,129.85028942056206, 0.0,-33.498559023538206,0.0
2024-11-06 08:21:53,0.0,-95.49241706782463,129.07960846204392, 0.0,-33.587191394219275,0.0
2024-11-06 08:21:53,0.0,-94.5373613312829,128.2080869189298, 0.0,-33.67072558764692,0.0
2024-11-06 08:21:53,0.0,-93.62019027277879,127.35624097867802, 0.0,-33.73605070589923,0.0
2024-11-06 08:21:53,0.0,-93.09439158481761,126.8612918244122, 0.0,-33.7669002395946,0.0
2024-11-06 08:21:53,0.0,-91.7843810795483,125.60716724904171, 0.0,-33.82278616949345,0.0
2024-11-06 08:21:53,0.0,-90.16814629108856,124.01854551629211, 0.0,-33.85039922520353,0.0
2024-11-06 08:21:53,0.0,-86.79537522405238,120.55620694163267, 0.0,-33.760831717580274,0.0
2024-11-06 08:21:53,0.0,-85.6310417122937,119.3148571192418, 0.0,-33.68381540694813,0.0
2024-11-06 08:21:57,0.0,-85.6667881998412,119.29096917937285, 0.0,-33.62418097953166,0.0
2024-11-06 08:21:57,0.0,-86.60980109460803,118.62022783693068, 0.0,-32.010426742322664,0.0
2024-11-06 08:21:57,0.0,-87.9761380363383,117.48916118974974, 0.0,-29.51302315341141,0.0
2024-11-06 08:21:57,0.0,-88.37813112552327,117.1138819700544, 0.0,-28.735750844531125,0.0
2024-11-06 08:21:57,0.0,-88.66969316965773,116.8277735097752, 0.0,-28.15808034011746,0.0
2024-11-06 08:21:57,0.0,-88.87433152626137,116.61948335846377, 0.0,-27.745151832202392,0.0
2024-11-06 08:21:57,0.0,-89.2121664229866,116.2611971709152, 0.0,-27.049030747928597,0.0
2024-11-06 08:21:57,0.0,-89.57142292450573,115.85894243847413, 0.0,-26.287519513968395,0.0
2024-11-06 08:21:57,0.0,-89.7164441372198,115.68988872053924, 0.0,-25.973444583319456,0.0
2024-11-06 08:21:58,0.0,-89.74283887495139,115.6586867794462, 0.0,-25.91584790449482,0.0
2024-11-06 08:21:58,0.0,-89.769163712144,115.627432156163, 0.0,-25.858268444018996,0.0
2024-11-06 08:21:58,0.0,-89.94339247535768,115.41709514257509, 0.0,-25.47370266721741,0.0
2024-11-06 08:21:58,0.0,-89.96918105371617,115.38543690494242, 0.0,-25.416255851226264,0.0
2024-11-06 08:21:58,0.0,-89.99490000315015,115.35372633033167, 0.0,-25.358826327181546,0.0
2024-11-06 08:21:58,0.0,-89.91250889390892,115.45482741374953, 0.0,-25.542318519840602,0.0
2024-11-06 08:21:58,0.0,-89.75895640134237,115.63956706859263, 0.0,-25.880610667250263,0.0
2024-11-06 08:21:58,0.0,-88.97368736632131,116.51602369993601, 0.0,-27.542336333614703,0.0
2024-11-06 08:21:58,0.0,-88.77652792383543,116.719825987868, 0.0,-27.943298064032586,0.0
2024-11-06 08:21:58,0.0,-88.53105107491875,116.96534294292532, 0.0,-28.434291868006568,0.0
2024-11-06 08:21:58,0.0,-88.43679464234297,117.05728869254706, 0.0,-28.6204940502041,0.0
2024-11-06 08:21:58,0.0,-88.34181361898064,117.14867819044605, 0.0,-28.806864571465415,0.0
2024-11-06 08:21:58,0.0,-88.13975929732946,117.33899504886493, 0.0,-29.199235751535458,0.0
2024-11-06 08:21:58,0.0,-87.22374289341721,118.13755731042134, 0.0,-30.913814417004144,0.0
2024-11-06 08:21:58,0.0,-86.45272457703751,118.73762823070803, 0.0,-32.284903653670526,0.0
2024-11-06 08:21:58,0.0,-86.3773788202773,118.79310484218533, 0.0,-32.41572602190803,0.0
2024-11-06 08:21:58,0.0,-86.22563580442245,118.9032201231034, 0.0,-32.67758431868095,0.0
2024-11-06 08:21:58,0.0,-86.12144666360497,118.97760253054824, 0.0,-32.85615586694327,0.0
2024-11-06 08:21:58,0.0,-86.01020331403828,119.05594281142297, 0.0,-33.04573949738469,0.0
2024-11-06 08:21:58,0.0,-85.86167686024484,119.15883709864728, 0.0,-33.29716023840245,0.0
2024-11-06 08:21:58,0.0,-85.73180811579924,119.24724453466558, 0.0,-33.51543641886635,0.0
2024-11-06 08:21:58,0.0,-85.51031682507109,119.39475051283245, 0.0,-33.88443368776135,0.0
2024-11-06 08:21:58,0.0,-85.43937121880325,119.4411444614342, 0.0,-34.001773242630975,0.0
2024-11-06 08:21:58,0.0,-84.79269183674961,119.84582410632667, 0.0,-35.05313226957708,0.0
2024-11-06 08:21:58,0.0,-84.75589073676782,119.86790279189506, 0.0,-35.11201205512725,0.0
2024-11-06 08:21:59,0.0,-84.5221274394248,120.00586131681737, 0.0,-35.483733877392595,0.0
2024-11-06 08:21:59,0.0,-84.48482583992097,120.02751500169795, 0.0,-35.54268916177697,0.0
2024-11-06 08:21:59,0.0,-83.82813319453976,120.39315775087377, 0.0,-36.565024556334016,0.0
2024-11-06 08:21:59,0.0,-83.75094545156698,120.43426580215615, 0.0,-36.68332035058919,0.0
2024-11-06 08:21:59,0.0,-83.63227456918415,120.49672772205611, 0.0,-36.86445315287197,0.0
2024-11-06 08:21:59,0.0,-83.50588766643159,120.56227976074351, 0.0,-37.05639209431192,0.0
2024-11-06 08:21:59,0.0,-83.26142381827054,120.68628895981786, 0.0,-37.42486514154733,0.0
2024-11-06 08:21:59,0.0,-82.84806460466739,120.88788622537264, 0.0,-38.039821620705254,0.0
2024-11-06 08:21:59,0.0,-82.76750445109637,120.92602719749536, 0.0,-38.158522746398965,0.0
2024-11-06 08:21:59,0.0,-82.72712112259264,120.94500855182427, 0.0,-38.21788742923165,0.0
2024-11-06 08:21:59,0.0,-82.68666898502178,120.96393042780076, 0.0,-38.277261442778986,0.0
2024-11-06 08:21:59,0.0,-82.61315642118278,120.99808279688537, 0.0,-38.38492637570258,0.0
2024-11-06 08:21:59,0.0,-82.65433856151182,120.97898751035167, 0.0,-38.32464894883985,0.0
2024-11-06 08:21:59,0.0,-83.2119253981621,120.71095882254595, 0.0,-37.49903342438385,0.0
2024-11-06 08:21:59,0.0,-83.36648415221828,120.63343989829266, 0.0,-37.26695574607439,0.0
2024-11-06 08:21:59,0.0,-83.69129845875507,120.46577201228286, 0.0,-36.774473553527784,0.0
2024-11-06 08:21:59,0.0,-83.7306292525667,120.44502240611762, 0.0,-36.71439315355093,0.0
2024-11-06 08:21:59,0.0,-83.90699218375025,120.35076377610098, 0.0,-36.44377159235073,0.0
2024-11-06 08:21:59,0.0,-84.19131443572802,120.19452786576846, 0.0,-36.003213430040454,0.0
2024-11-06 08:21:59,0.0,-84.45535055044718,120.04455632099453, 0.0,-35.589205770547345,0.0
2024-11-06 08:21:59,0.0,-84.49327536542614,120.02261861038782, 0.0,-35.52934324496169,0.0
2024-11-06 08:21:59,0.0,-84.53112849966348,120.00062147770258, 0.0,-35.46949297803909,0.0
2024-11-06 08:21:59,0.0,-84.6526743676188,119.92930130697958, 0.0,-35.2766269393608,0.0
2024-11-06 08:21:59,0.0,-85.07137909067337,119.67536323523652, 0.0,-34.60398414456315,0.0
2024-11-06 08:21:59,0.0,-85.1448184789143,119.6294654318347, 0.0,-34.48464695292041,0.0
2024-11-06 08:21:59,0.0,-85.18143048411811,119.60642851144891, 0.0,-34.4249980273308,0.0
2024-11-06 08:22:00,0.0,-85.25443911246145,119.5601788620671, 0.0,-34.30573974960565,0.0
2024-11-06 08:22:00,0.0,-85.32716056238507,119.51369510613713, 0.0,-34.18653454375206,0.0
2024-11-06 08:22:00,0.0,-85.39959483502493,119.46697760946385, 0.0,-34.067382774438904,0.0
2024-11-06 08:22:00,0.0,-85.4717419360004,119.42002673770561, 0.0,-33.94828480170521,0.0
2024-11-06 08:22:00,0.0,-85.50770780008774,119.39646390039454, 0.0,-33.88875610030679,0.0
2024-11-06 08:22:00,0.0,-85.57942416382721,119.34916365126028, 0.0,-33.76973948743309,0.0
2024-11-06 08:22:00,0.0,-85.6151746676531,119.32542633074355, 0.0,-33.71025166309047,0.0
2024-11-06 08:22:00,0.0,-85.65085338935384,119.30163094044308, 0.0,-33.650777551089256,0.0
2024-11-06 08:22:00,0.0,-85.68646033170079,119.27777752598051, 0.0,-33.59131719427974,0.0
2024-11-06 08:22:00,0.0,-85.61624074350293,119.32471686119968, 0.0,-33.708476117696776,0.0
2024-11-06 08:22:00,0.0,-85.37620592740741,119.48210842162989, 0.0,-34.10590249422248,0.0
2024-11-06 08:22:00,0.0,-85.29610441625272,119.53359737137961, 0.0,-34.23749295512691,0.0
2024-11-06 08:22:00,0.0,-84.8435181809126,119.8151675217572, 0.0,-34.9716493408446,0.0
2024-11-06 08:22:00,0.0,-84.7064349357159,119.89741803025436, 0.0,-35.190983094538446,0.0
2024-11-06 08:22:00,0.0,-84.6324798680131,119.9412240726583, 0.0,-35.3087442046452,0.0
2024-11-06 08:22:00,0.0,-84.47468502878864,120.03338484905676, 0.0,-35.55869982026813,0.0
2024-11-06 08:22:00,0.0,-84.39741375243278,120.07787588052068, 0.0,-35.68046212808788,0.0
2024-11-06 08:22:00,0.0,-84.18002478182696,120.20083423584319, 0.0,-36.020809454016245,0.0
2024-11-06 08:22:00,0.0,-83.92297473286773,120.34212255526917, 0.0,-36.41914782240144,0.0
2024-11-06 08:22:00,0.0,-83.84618411715138,120.38348917234624, 0.0,-36.53730505519487,0.0
2024-11-06 08:22:00,0.0,-83.72810074316001,120.44635931321876, 0.0,-36.718258570058744,0.0
2024-11-06 08:22:00,0.0,-83.6893980379595,120.46677213018503, 0.0,-36.777374092225536,0.0
2024-11-06 08:22:00,0.0,-83.57995261994535,120.52398574316102, 0.0,-36.94403312321566,0.0
2024-11-06 08:22:00,0.0,-83.54808773844547,120.54050264603593, 0.0,-36.99241490759045,0.0
2024-11-06 08:22:00,0.0,-83.50908143138263,120.56063548862721, 0.0,-37.05155405724459,0.0
