time,a1,a2,a3,a4,a5,a6
2024-11-08 06:33:23,0.0,-89.37230052865183,126.34070189443739, 0.0,-36.96840136578555,0.0
2024-11-08 06:33:24,0.0,-93.76618178885198,123.29440408980767, 0.0,-29.528222300955747,0.0
2024-11-08 06:33:24,0.0,-91.94883224186029,124.75497751390228, 0.0,-32.806145272041974,0.0
2024-11-08 06:33:25,0.0,-90.13858540833347,125.91791138126642, 0.0,-35.77932597293296,0.0
2024-11-08 06:33:25,0.0,-90.02642702098657,125.98214572181706, 0.0,-35.9557187008305,0.0
2024-11-08 06:33:25,0.0,-89.91429129068429,126.04554118780683, 0.0,-36.13124989712256,0.0
2024-11-08 06:33:25,0.0,-89.34346840540105,126.3558965844996, 0.0,-37.01242817909855,0.0
2024-11-08 06:33:25,0.0,-87.16494847030971,127.37148675429188, 0.0,-40.206538283982184,0.0
2024-11-08 06:33:26,0.0,-85.07074448763356,128.13702872485655, 0.0,-43.06628423722296,0.0
2024-11-08 06:33:26,0.0,-84.66129657181541,128.26614051163787, 0.0,-43.60484393982249,0.0
2024-11-08 06:33:29,0.0,-84.84112112530963,128.21020633088008, 0.0,-43.36908520557047,0.0
2024-11-08 06:33:29,0.0,-86.36899580821527,127.68431855371665, 0.0,-41.31532274550139,0.0
2024-11-08 06:33:29,0.0,-88.04176852758106,126.99255521207583, 0.0,-38.950786684494766,0.0
2024-11-08 06:33:29,0.0,-88.09431074022234,126.96863309540046, 0.0,-38.87432235517813,0.0
2024-11-08 06:33:35,0.0,-87.9271118649596,127.04426698526855, 0.0,-39.11715512030895,0.0
2024-11-08 06:33:35,0.0,-85.90080779907534,127.85546925106756, 0.0,-41.954661451992244,0.0
2024-11-08 06:33:35,0.0,-85.30475912843617,128.06038904905213, 0.0,-42.75562992061595,0.0
2024-11-08 06:33:35,0.0,-85.07389896014685,128.13600957747678, 0.0,-43.06211061732995,0.0
2024-11-08 06:33:35,0.0,-84.65111711318565,128.26927118550122, 0.0,-43.61815407231558,0.0
2024-11-08 06:33:35,0.0,-84.5922440931349,128.28730311882637, 0.0,-43.695059025691485,0.0
2024-11-08 06:33:35,0.0,-84.65200821465965,128.26899728052308, 0.0,-43.616989065863436,0.0
2024-11-08 06:33:35,0.0,-86.81154717592268,127.51388647322048, 0.0,-40.70233929729778,0.0
2024-11-08 06:33:36,0.0,-87.89887199990433,127.05690104329025, 0.0,-39.15802904338592,0.0
2024-11-08 06:33:36,0.0,-89.0712850951274,126.4969051975227, 0.0,-37.425620102395314,0.0
2024-11-08 06:33:36,0.0,-89.69274139970359,126.16841412128632, 0.0,-36.47567272158275,0.0
2024-11-08 06:33:36,0.0,-90.04895774854589,125.96930884314563, 0.0,-35.920351094599745,0.0
2024-11-08 06:33:36,0.0,-90.19054955508744,125.8878673454631, 0.0,-35.69731779037567,0.0
2024-11-08 06:33:36,0.0,-90.28434296582523,125.83317891340475, 0.0,-35.548835947579526,0.0
2024-11-08 06:33:36,0.0,-90.37765610349417,125.77817644760732, 0.0,-35.40052034411316,0.0
2024-11-08 06:33:36,0.0,-90.75633921030219,125.54871905613322, 0.0,-34.792379845831036,0.0
2024-11-08 06:33:36,0.0,-90.80183259428225,125.52046170956785, 0.0,-34.718629115285616,0.0
2024-11-08 06:33:36,0.0,-90.75699866540715,125.54831052690871, 0.0,-34.791311861501555,0.0
2024-11-08 06:33:36,0.0,-90.12016651784313,125.9285173109588, 0.0,-35.80835079311568,0.0
2024-11-08 06:33:36,0.0,-89.29230436633821,126.38273761473818, 0.0,-37.090433248399975,0.0
2024-11-08 06:33:36,0.0,-88.66506505308816,126.69940507334763, 0.0,-38.03434002025948,0.0
2024-11-08 06:33:36,0.0,-88.46398304138636,126.79624618741474, 0.0,-38.332263146028396,0.0
2024-11-08 06:33:37,0.0,-88.15881257068126,126.93907092168183, 0.0,-38.78025835100057,0.0
2024-11-08 06:33:37,0.0,-87.9529962653415,127.03265125074755, 0.0,-39.07965498540607,0.0
2024-11-08 06:33:37,0.0,-87.74528592414917,127.1249113314708, 0.0,-39.37962540732163,0.0
2024-11-08 06:33:37,0.0,-87.43016142946564,127.26080972381232, 0.0,-39.83064829434667,0.0
2024-11-08 06:33:37,0.0,-87.3241725941128,127.30543955883036, 0.0,-39.98126696471756,0.0
2024-11-08 06:33:37,0.0,-87.16429601364052,127.3717549530591, 0.0,-40.20745893941857,0.0
2024-11-08 06:33:37,0.0,-87.11077986794193,127.39368587090478, 0.0,-40.28290600296286,0.0
2024-11-08 06:33:37,0.0,-87.48380608964875,127.2380160972278, 0.0,-39.75421000757904,0.0
2024-11-08 06:33:37,0.0,-88.48840309746268,126.78460274269916, 0.0,-38.296199645236484,0.0
2024-11-08 06:33:37,0.0,-89.45026726973973,126.29936166581975, 0.0,-36.84909439608002,0.0
2024-11-08 06:33:37,0.0,-89.90656651237973,126.04987827327689, 0.0,-36.143311760897184,0.0
2024-11-08 06:33:37,0.0,-90.39863855360416,125.7657261626778, 0.0,-35.36708760907365,0.0
2024-11-08 06:33:37,0.0,-90.84249577712022,125.49507619091715, 0.0,-34.652580413796926,0.0
2024-11-08 06:33:37,0.0,-91.22109012206293,125.25277264505078, 0.0,-34.03168252298785,0.0
2024-11-08 06:33:37,0.0,-91.72065300984697,124.91580596994403, 0.0,-33.19515296009708,0.0
2024-11-08 06:33:37,0.0,-91.8915893491094,124.79574671684965, 0.0,-32.90415736774024,0.0
2024-11-08 06:33:37,0.0,-91.97636967384516,124.73526273288395, 0.0,-32.758893059038805,0.0
2024-11-08 06:33:38,0.0,-92.10265034336786,124.64399439273434, 0.0,-32.54134404936648,0.0
2024-11-08 06:33:38,0.0,-91.86431571712428,124.81507107498228, 0.0,-32.950755357858014,0.0
2024-11-08 06:33:38,0.0,-91.39740883683938,125.1361463087741, 0.0,-33.73873747193473,0.0
2024-11-08 06:33:38,0.0,-90.7502306721144,125.55250176118588, 0.0,-34.802271089071496,0.0
2024-11-08 06:33:38,0.0,-88.7423408823286,126.66159844260304, 0.0,-37.919257560274445,0.0
2024-11-08 06:33:38,0.0,-87.90366488580024,127.05475962401809, 0.0,-39.151094738217864,0.0
2024-11-08 06:33:38,0.0,-87.74777992167375,127.12381635542862, 0.0,-39.376036433754884,0.0
2024-11-08 06:33:39,0.0,-87.6432597355371,127.1694417375172, 0.0,-39.526182001980104,0.0
2024-11-08 06:33:39,0.0,-85.66363206034003,127.93871148350483, 0.0,-42.2750794231648,0.0
2024-11-08 06:33:39,0.0,-84.18692370271086,128.4080518506866, 0.0,-44.22112814797576,0.0
2024-11-08 06:33:39,0.0,-83.75154975460548,128.5313145320361, 0.0,-44.77976477743064,0.0
2024-11-08 06:33:39,0.0,-84.17349398953061,128.41195258354358, 0.0,-44.23845859401297,0.0
2024-11-08 06:33:39,0.0,-85.1576611078431,128.10880894113015, 0.0,-42.95114783328705,0.0
2024-11-08 06:33:39,0.0,-86.71365357805837,127.5523306350084, 0.0,-40.83867705695003,0.0
2024-11-08 06:33:39,0.0,-87.72729690390412,127.1328001751621, 0.0,-39.40550327125801,0.0
2024-11-08 06:33:39,0.0,-88.48670559755567,126.78541314899998, 0.0,-38.29870755144431,0.0
2024-11-08 06:33:39,0.0,-88.63972291892217,126.71173162471855, 0.0,-38.072008705796385,0.0
2024-11-08 06:33:39,0.0,-88.69048507705229,126.68700503332616, 0.0,-37.99651995627387,0.0
2024-11-08 06:33:42,0.0,-88.57451077671561,126.56812050520058, 0.0,-37.99360972848499,0.0
2024-11-08 06:33:42,0.0,-87.2830285345475,125.22757543624799, 0.0,-37.944546901700484,0.0
2024-11-08 06:33:42,0.0,-86.16922444937569,124.0469588791217, 0.0,-37.877734429746,0.0
2024-11-08 06:33:42,0.0,-85.27558273872239,123.0833618246122, 0.0,-37.807779085889806,0.0
2024-11-08 06:33:42,0.0,-84.26815947218364,121.97969452667938, 0.0,-37.71153505449577,0.0
2024-11-08 06:33:42,0.0,-83.39715363089412,121.01069781527534, 0.0,-37.613544184381226,0.0
2024-11-08 06:33:42,0.0,-83.28971960570385,120.8902311993604, 0.0,-37.60051159365658,0.0
2024-11-08 06:33:42,0.0,-83.11183269199788,120.69030958156168, 0.0,-37.57847688956382,0.0
2024-11-08 06:33:42,0.0,-82.90450028282372,120.45657887982884, 0.0,-37.55207859700513,0.0
2024-11-08 06:33:43,0.0,-83.08986377520297,120.66558000536537, 0.0,-37.575716230162406,0.0
2024-11-08 06:33:43,0.0,-85.07644168979904,122.86665422983432, 0.0,-37.79021254003525,0.0
2024-11-08 06:33:43,0.0,-88.38475582008904,126.37307200010483, 0.0,-37.98831618001578,0.0
2024-11-08 06:33:43,0.0,-90.94958342688504,128.95356447602185, 0.0,-38.003981049136804,0.0
2024-11-08 06:33:43,0.0,-92.46750650366522,130.42391044123426, 0.0,-37.956403937569036,0.0
2024-11-08 06:33:43,0.0,-92.91444179914018,130.848795856864, 0.0,-37.93435405772383,0.0
2024-11-08 06:33:43,0.0,-93.02975721266831,130.95782934169048, 0.0,-37.92807212902219,0.0
2024-11-08 06:33:43,0.0,-93.26935300102275,131.1835960655933, 0.0,-37.91424306457053,0.0
2024-11-08 06:33:43,0.0,-93.4628807023254,131.365188366977, 0.0,-37.902307664651616,0.0
2024-11-08 06:33:43,0.0,-94.14563228137895,132.00037720538845, 0.0,-37.8547449240095,0.0
2024-11-08 06:33:43,0.0,-94.5355005047227,132.35927873273837, 0.0,-37.823778228015684,0.0
2024-11-08 06:33:43,0.0,-94.79054901402614,132.5925743323415, 0.0,-37.802025318315366,0.0
2024-11-08 06:33:43,0.0,-95.1170829780172,132.88953520105252, 0.0,-37.77245222303535,0.0
2024-11-08 06:33:43,0.0,-95.23638013981302,132.99754593476956, 0.0,-37.761165794956554,0.0
2024-11-08 06:33:44,0.0,-95.10999544202888,132.88311008556767, 0.0,-37.77311464353879,0.0
2024-11-08 06:33:44,0.0,-93.93479392809442,131.8051331052029, 0.0,-37.870339177108505,0.0
2024-11-08 06:33:44,0.0,-90.68401319139761,128.6919754594643, 0.0,-38.00796226806669,0.0
2024-11-08 06:33:44,0.0,-88.62770062175662,126.62267570297351, 0.0,-37.99497508121693,0.0
2024-11-08 06:33:44,0.0,-87.56478995592929,125.52264568689472, 0.0,-37.95785573096542,0.0
2024-11-08 06:33:44,0.0,-86.3831854433653,124.27551154579649, 0.0,-37.8923261024312,0.0
2024-11-08 06:33:44,0.0,-85.07330259206375,122.86323246661621, 0.0,-37.7899298745525,0.0
2024-11-08 06:33:44,0.0,-83.80419807924861,121.46523725672361, 0.0,-37.66103917747499,0.0
2024-11-08 06:33:44,0.0,-82.61775504831107,120.13205573383362, 0.0,-37.51430068552254,0.0
2024-11-08 06:33:44,0.0,-81.80639201867386,119.20584517096988, 0.0,-37.399453152296026,0.0
2024-11-08 06:33:44,0.0,-81.53069267107587,118.88845495019135, 0.0,-37.357762279115484,0.0
2024-11-08 06:33:44,0.0,-81.17304820902704,118.47472075058458, 0.0,-37.30167254155754,0.0
2024-11-08 06:33:44,0.0,-81.00670475142415,118.28151879585842, 0.0,-37.274814044434265,0.0
2024-11-08 06:33:44,0.0,-80.77419532983622,118.01064922294684, 0.0,-37.23645389311064,0.0
2024-11-08 06:33:44,0.0,-80.57524056600019,117.77811418779166, 0.0,-37.20287362179146,0.0
2024-11-08 06:33:44,0.0,-80.22830658667577,117.37095927362344, 0.0,-37.1426526869477,0.0
2024-11-08 06:33:44,0.0,-80.12920801369359,117.25427147984252, 0.0,-37.125063466148944,0.0
2024-11-08 06:33:45,0.0,-80.32022690353264,117.47904085656926, 0.0,-37.158813953036635,0.0
2024-11-08 06:33:45,0.0,-81.78563517307956,119.18199647480398, 0.0,-37.39636130172445,0.0
2024-11-08 06:33:45,0.0,-84.15177887611394,121.8510124275929, 0.0,-37.69923355147899,0.0
2024-11-08 06:33:45,0.0,-86.6264899123897,124.53439427332162, 0.0,-37.9079043609319,0.0
2024-11-08 06:33:45,0.0,-89.13295831313302,127.13831536933691, 0.0,-38.00535705620391,0.0
2024-11-08 06:33:45,0.0,-91.10783030375106,129.1088237588271, 0.0,-38.000993455076014,0.0
2024-11-08 06:33:45,0.0,-91.73257740738255,129.71729008974518, 0.0,-37.984712682362634,0.0
2024-11-08 06:33:45,0.0,-93.46014008327171,131.36262154138308, 0.0,-37.902481458111374,0.0
2024-11-08 06:33:45,0.0,-94.89712830351203,132.6897136910011, 0.0,-37.79258538748909,0.0
2024-11-08 06:33:45,0.0,-95.3135624610967,133.06728888182866, 0.0,-37.753726420731994,0.0
2024-11-08 06:33:45,0.0,-95.51412086315517,133.24801194589108, 0.0,-37.733891082735916,0.0
2024-11-08 06:33:45,0.0,-95.79501519424039,133.49990299358853, 0.0,-37.70488779934816,0.0
2024-11-08 06:33:45,0.0,-95.91576048780615,133.6077429602942, 0.0,-37.691982472488036,0.0
2024-11-08 06:33:45,0.0,-95.79748387176924,133.50211045298164, 0.0,-37.7046265812124,0.0
2024-11-08 06:33:45,0.0,-95.16968792406722,132.93719509470097, 0.0,-37.76750717063375,0.0
2024-11-08 06:33:45,0.0,-93.52465692110087,131.42301074999918, 0.0,-37.89835382889832,0.0
2024-11-08 06:33:46,0.0,-90.8244711050608,128.83048896806486, 0.0,-38.006017863004075,0.0
2024-11-08 06:33:46,0.0,-89.07109032422659,127.07542774789897, 0.0,-38.004337423672396,0.0
2024-11-08 06:33:46,0.0,-87.41024879647733,125.36098472350943, 0.0,-37.950735927032085,0.0
2024-11-08 06:33:46,0.0,-86.08992282146676,123.96203710769862, 0.0,-37.87211428623189,0.0
2024-11-08 06:33:46,0.0,-84.87423188889244,122.64587113439717, 0.0,-37.77163924550476,0.0
2024-11-08 06:33:46,0.0,-83.11748889101995,120.69667514901619, 0.0,-37.57918625799627,0.0
2024-11-08 06:33:46,0.0,-82.38581916944538,119.8684876241131, 0.0,-37.48266845466771,0.0
2024-11-08 06:33:46,0.0,-81.77459082412496,119.16930388753465, 0.0,-37.3947130634097,0.0
2024-11-08 06:33:46,0.0,-81.53200064502586,118.88996389761635, 0.0,-37.3579632525905,0.0
2024-11-08 06:33:46,0.0,-81.25650776970375,118.57147183351897, 0.0,-37.314964063815225,0.0
2024-11-08 06:33:46,0.0,-81.15639049808206,118.45539544100998, 0.0,-37.29900494292794,0.0
2024-11-08 06:33:46,0.0,-81.34911312568371,118.6786810508661, 0.0,-37.329567925182374,0.0
2024-11-08 06:33:46,0.0,-84.1418505936488,121.84002339866437, 0.0,-37.69817280501559,0.0
2024-11-08 06:33:46,0.0,-86.58659726142729,124.49202141868233, 0.0,-37.905424157255034,0.0
2024-11-08 06:33:47,0.0,-89.0970116459693,127.10178482153889, 0.0,-38.004773175569554,0.0
2024-11-08 06:33:47,0.0,-89.4802137080705,127.48999029143651, 0.0,-38.00977658336603,0.0
2024-11-08 06:33:47,0.0,-89.27219867304636,127.27959360663695, 0.0,-38.00739493359061,0.0
2024-11-08 06:33:47,0.0,-86.47695459903137,124.37541245384092, 0.0,-37.89845785480955,0.0
2024-11-08 06:33:47,0.0,-85.3591032683132,123.17403555610029, 0.0,-37.81493228778709,0.0
2024-11-08 06:33:47,0.0,-84.39801247097633,122.12298428675321, 0.0,-37.72497181577691,0.0
2024-11-08 06:33:47,0.0,-83.89456903019148,121.56574828844967, 0.0,-37.67117925825822,0.0
2024-11-08 06:33:47,0.0,-83.55441545098923,121.18666269261998, 0.0,-37.63224724163077,0.0
2024-11-08 06:33:47,0.0,-83.48630944452142,121.1105114614729, 0.0,-37.62420201695148,0.0
2024-11-08 06:33:47,0.0,-83.41824685641333,121.034325461477, 0.0,-37.61607860506365,0.0
2024-11-08 06:33:48,0.0,-83.31623389572896,120.9199811498247, 0.0,-37.60374725409575,0.0
2024-11-08 06:33:48,0.0,-83.03634173211847,120.60529604583617, 0.0,-37.56895431371771,0.0
2024-11-08 06:33:48,0.0,-82.32138463737815,119.79509482879511, 0.0,-37.47371019141697,0.0
2024-11-08 06:33:48,0.0,-81.553163079659,118.9143737782216, 0.0,-37.36121069856261,0.0
2024-11-08 06:33:48,0.0,-81.19567374413248,118.50096172866341, 0.0,-37.30528798453095,0.0
2024-11-08 06:33:48,0.0,-81.26344530891478,118.57950867978664, 0.0,-37.31606337087186,0.0
2024-11-08 06:33:48,0.0,-84.18099567813428,121.88334045559023, 0.0,-37.70234477745598,0.0
2024-11-08 06:33:48,0.0,-86.60690724833776,124.51359774663958, 0.0,-37.9066904983018,0.0
2024-11-08 06:33:48,0.0,-89.01068194672295,127.01395602986017, 0.0,-38.00327408313724,0.0
2024-11-08 06:33:48,0.0,-89.36685542045663,127.37543257840795, 0.0,-38.00857715795132,0.0
2024-11-08 06:33:48,0.0,-89.8813325416052,127.89345947728961, 0.0,-38.012126935684414,0.0
2024-11-08 06:33:48,0.0,-90.1128463641492,128.12498566845187, 0.0,-38.01213930430267,0.0
2024-11-08 06:33:48,0.0,-90.18738550992548,128.19931942384895, 0.0,-38.011933913923485,0.0
2024-11-08 06:33:49,0.0,-90.45720593482318,128.4675436342201, 0.0,-38.01033769939692,0.0
2024-11-08 06:33:49,0.0,-90.81150418854776,128.81771672485797, 0.0,-38.00621253631024,0.0
2024-11-08 06:33:49,0.0,-90.88671405698076,128.8917545126577, 0.0,-38.005040455676955,0.0
2024-11-08 06:33:50,0.0,-90.95739018517801,128.85709979377148, 0.0,-37.899709608593476,0.0
2024-11-08 06:33:50,0.0,-91.45501603770909,128.60521277558811, 0.0,-37.15019673787904,0.0
2024-11-08 06:33:50,0.0,-92.2108658608055,128.19467912503325, 0.0,-35.98381326422776,0.0
2024-11-08 06:33:50,0.0,-92.50415480131164,128.02567621386515, 0.0,-35.521521412553504,0.0
2024-11-08 06:33:50,0.0,-92.56956568489484,127.98720622104766, 0.0,-35.41764053615282,0.0
2024-11-08 06:33:50,0.0,-92.61302935632494,127.9614841292187, 0.0,-35.34845477289377,0.0
2024-11-08 06:33:50,0.0,-92.79410723646386,127.85292836830124, 0.0,-35.05882113183736,0.0
2024-11-08 06:33:50,0.0,-93.11327295300238,127.65597574214125, 0.0,-34.54270278913887,0.0
2024-11-08 06:33:50,0.0,-93.24293011134087,127.57385635682698, 0.0,-34.330926245486104,0.0
2024-11-08 06:33:50,0.0,-93.3707550163389,127.4916695740959, 0.0,-34.120914557757,0.0
2024-11-08 06:33:50,0.0,-93.72721228502054,127.25583511178328, 0.0,-33.52862282676275,0.0
2024-11-08 06:33:50,0.0,-93.92022334356484,127.1239085021913, 0.0,-33.203685158626485,0.0
2024-11-08 06:33:50,0.0,-94.09681099477338,127.00050247894629, 0.0,-32.903691484172896,0.0
2024-11-08 06:33:51,0.0,-94.21778826505543,126.91442660905234, 0.0,-32.69663834399692,0.0
2024-11-08 06:33:51,0.0,-94.42339345117252,126.76519802238444, 0.0,-32.34180457121194,0.0
2024-11-08 06:33:51,0.0,-94.66692775995878,126.583493993163, 0.0,-31.91656623320421,0.0
2024-11-08 06:33:51,0.0,-94.62560691571123,126.61471081972448, 0.0,-31.98910390401324,0.0
2024-11-08 06:33:51,0.0,-93.80869054277902,127.20051404972122, 0.0,-33.391823506942224,0.0
2024-11-08 06:33:51,0.0,-92.35047785988486,128.1149343005533, 0.0,-35.764456440668454,0.0
2024-11-08 06:33:51,0.0,-91.41186521953959,128.62761351958318, 0.0,-37.2157483000436,0.0
2024-11-08 06:33:51,0.0,-91.10685471578458,128.78290827589194, 0.0,-37.67605356010738,0.0
2024-11-08 06:33:51,0.0,-90.55479526497672,129.05091208084443, 0.0,-38.49611681586771,0.0
2024-11-08 06:33:51,0.0,-89.48797856870229,129.5245415871721, 0.0,-40.03656301846982,0.0
2024-11-08 06:33:51,0.0,-87.99836070943503,130.09869902936038, 0.0,-42.10033831992536,0.0
2024-11-08 06:33:51,0.0,-87.70074071985563,130.20237592369705, 0.0,-42.501635203841424,0.0
2024-11-08 06:33:51,0.0,-87.61870535162443,130.23034516167283, 0.0,-42.61163981004844,0.0
2024-11-08 06:33:52,0.0,-87.5363499814611,130.25816295839311, 0.0,-42.721812976932014,0.0
2024-11-08 06:33:52,0.0,-87.48131717954419,130.27660727656408, 0.0,-42.79529009701989,0.0
2024-11-08 06:33:52,0.0,-87.05210421689085,130.41655317539295, 0.0,-43.36444895850209,0.0
2024-11-08 06:33:52,0.0,-86.14471757920253,130.69053269641972, 0.0,-44.54581511721718,0.0
2024-11-08 06:33:52,0.0,-86.0213197670997,130.72559207984514, 0.0,-44.704272312745445,0.0
2024-11-08 06:33:52,0.0,-86.15996283745336,130.6861656194232, 0.0,-44.52620278196987,0.0
2024-11-08 06:33:52,0.0,-87.34485595851321,130.32184708616802, 0.0,-42.97699112765481,0.0
2024-11-08 06:33:52,0.0,-89.05097391468588,129.70295986026025, 0.0,-40.65198594557437,0.0
2024-11-08 06:33:52,0.0,-91.3792428748891,128.64447697817292, 0.0,-37.26523410328382,0.0
2024-11-08 06:33:52,0.0,-93.06218911370145,127.68799092658702, 0.0,-34.62580181288555,0.0
2024-11-08 06:33:52,0.0,-94.4881854499677,126.71738776651762, 0.0,-32.22920231654987,0.0
2024-11-08 06:33:52,0.0,-94.90790531957335,126.3982011768439, 0.0,-31.490295857270556,0.0
2024-11-08 06:33:52,0.0,-95.08194285919309,126.26084355713455, 0.0,-31.178900697941458,0.0
2024-11-08 06:33:52,0.0,-95.21262474450738,126.15568823446272, 0.0,-30.943063489955325,0.0
2024-11-08 06:33:52,0.0,-95.32398908299022,126.06467673291114, 0.0,-30.740687649920904,0.0
2024-11-08 06:33:52,0.0,-95.39472858196584,126.0061828962605, 0.0,-30.61145431429465,0.0
2024-11-08 06:33:53,0.0,-95.32112742139553,126.06703177607822, 0.0,-30.745904354682704,0.0
2024-11-08 06:33:53,0.0,-94.4471664281731,126.74770007192035, 0.0,-32.30053364374725,0.0
2024-11-08 06:33:53,0.0,-93.3202611157455,127.52428252078465, 0.0,-34.20402140503916,0.0
2024-11-08 06:33:53,0.0,-92.26652810367398,128.1630371921831, 0.0,-35.89650908850915,0.0
2024-11-08 06:33:53,0.0,-91.74779287243881,128.4503276972321, 0.0,-36.702534824793304,0.0
2024-11-08 06:33:53,0.0,-91.52192187331741,128.57026537254788, 0.0,-37.04834349923048,0.0
2024-11-08 06:33:53,0.0,-91.33306086368384,128.66824484691855, 0.0,-37.33518398323473,0.0
2024-11-08 06:33:53,0.0,-91.28682999415247,128.69191526039944, 0.0,-37.40508526624697,0.0
2024-11-08 06:33:53,0.0,-91.24048339102205,128.71552251402034, 0.0,-37.475039122998275,0.0
2024-11-08 06:33:53,0.0,-91.40199283918935,128.63272334380858, 0.0,-37.23073050461925,0.0
2024-11-08 06:33:53,0.0,-92.11579574457954,128.24826263158525, 0.0,-36.1324668870057,0.0
2024-11-08 06:33:53,0.0,-93.27657405689854,127.55234370320358, 0.0,-34.27576964630504,0.0
2024-11-08 06:33:53,0.0,-94.18805397635663,126.93569989860245, 0.0,-32.74764592224582,0.0
2024-11-08 06:33:53,0.0,-94.65564176348015,126.59203617734495, 0.0,-31.936394413864807,0.0
2024-11-08 06:33:53,0.0,-94.97801153365116,126.34323396770884, 0.0,-31.36522243405767,0.0
2024-11-08 06:33:53,0.0,-95.06881871049384,126.27130762896473, 0.0,-31.202488918470888,0.0
2024-11-08 06:33:54,0.0,-94.99317511690339,126.33128070999742, 0.0,-31.338105593094024,0.0
2024-11-08 06:33:54,0.0,-94.3762208275503,126.79976835350001, 0.0,-32.42354752594973,0.0
2024-11-08 06:33:54,0.0,-93.2855286573539,127.54660365524421, 0.0,-34.26107499789032,0.0
2024-11-08 06:33:54,0.0,-92.44955505403067,128.0575681772373, 0.0,-35.60801312320663,0.0
2024-11-08 06:33:54,0.0,-91.75099198308581,128.4486070050637, 0.0,-36.697615021977924,0.0
2024-11-08 06:33:54,0.0,-91.42341665560666,128.6216274635841, 0.0,-37.198210807977475,0.0
2024-11-08 06:33:54,0.0,-91.22822030791082,128.72174846018748, 0.0,-37.49352815227667,0.0
2024-11-08 06:33:54,0.0,-91.3791671059211,128.64451607379564, 0.0,-37.26534896787456,0.0
2024-11-08 06:33:54,0.0,-91.94157074441682,128.34497412912233, 0.0,-36.40340338470551,0.0
2024-11-08 06:33:54,0.0,-93.19667845614504,127.60329286863455, 0.0,-34.406614412489546,0.0
2024-11-08 06:33:54,0.0,-94.95134082256573,126.36420263740293, 0.0,-31.41286181483719,0.0
2024-11-08 06:33:54,0.0,-95.64591443669514,125.79407285514027, 0.0,-30.148158418445128,0.0
2024-11-08 06:33:54,0.0,-96.00861238909495,125.47509809650417, 0.0,-29.466485707409227,0.0
2024-11-08 06:33:54,0.0,-96.28080099593878,125.22524811103915, 0.0,-28.944447115100377,0.0
2024-11-08 06:33:54,0.0,-96.34545747820134,125.16451138649268, 0.0,-28.819053908291362,0.0
2024-11-08 06:33:54,0.0,-96.42506037380532,125.08898084189516, 0.0,-28.66392046808986,0.0
2024-11-08 06:33:54,0.0,-96.47356226146171,125.0425466707177, 0.0,-28.56898440925598,0.0
2024-11-08 06:33:55,0.0,-96.26583768732965,125.23922701219492, 0.0,-28.973389324865288,0.0
2024-11-08 06:33:55,0.0,-94.84577313644445,126.44651225643364, 0.0,-31.600739119989175,0.0
2024-11-08 06:33:55,0.0,-93.39840695830513,127.4737276628118, 0.0,-34.07532070450668,0.0
2024-11-08 06:33:55,0.0,-92.43416058111342,128.0665242597347, 0.0,-35.63236367862129,0.0
2024-11-08 06:33:55,0.0,-91.71060684020989,128.47028341849636, 0.0,-36.759676578286516,0.0
2024-11-08 06:33:55,0.0,-90.95891694265424,128.8563481649445, 0.0,-37.897431222290294,0.0
2024-11-08 06:33:55,0.0,-89.91111767628186,129.34335044392492, 0.0,-39.432232767643114,0.0
2024-11-08 06:33:55,0.0,-88.77167739056475,129.81253617422226, 0.0,-41.04085878365751,0.0
2024-11-08 06:33:55,0.0,-87.84169823442872,130.15370704353745, 0.0,-42.31200880910876,0.0
2024-11-08 06:33:55,0.0,-86.78665601772107,130.4997150576222, 0.0,-43.71305903990111,0.0
2024-11-08 06:33:55,0.0,-85.42834428077947,130.8870436118031, 0.0,-45.45869933102364,0.0
2024-11-08 06:33:55,0.0,-82.56708453653539,131.5167764715324, 0.0,-48.94969193499696,0.0
2024-11-08 06:33:55,0.0,-80.12268045484193,131.8836326129627, 0.0,-51.76095215812077,0.0
2024-11-08 06:33:55,0.0,-79.58264929046204,131.94587463837047, 0.0,-52.36322534790841,0.0
2024-11-08 06:33:55,0.0,-79.93437176272323,131.90607126304434, 0.0,-51.97169950032112,0.0
2024-11-08 06:33:55,0.0,-80.15845514591679,131.87927986391838, 0.0,-51.7208247180016,0.0
2024-11-08 06:33:56,0.0,-80.22980254167521,131.87051278892224, 0.0,-51.64071024724702,0.0
2024-11-08 06:33:56,0.0,-80.48997699771489,131.83756398901252, 0.0,-51.34758699129763,0.0
2024-11-08 06:33:56,0.0,-81.43223130084091,131.70506290072208, 0.0,-50.27283159988117,0.0
2024-11-08 06:33:56,0.0,-84.15348866558004,131.19678118397135, 0.0,-47.04329251839131,0.0
2024-11-08 06:33:56,0.0,-85.86807585576476,130.76842202655666, 0.0,-44.90034617079193,0.0
2024-11-08 06:33:56,0.0,-87.10999588358486,130.3980762278601, 0.0,-43.288080344275215,0.0
2024-11-08 06:33:56,0.0,-87.97540150038161,130.1068214382732, 0.0,-42.13141993789161,0.0
2024-11-08 06:33:56,0.0,-88.79631765582714,129.80300545736486, 0.0,-41.00668780153774,0.0
2024-11-08 06:33:56,0.0,-89.90221640831457,129.34725011772662, 0.0,-39.44503370941203,0.0
2024-11-08 06:33:56,0.0,-90.68069855660991,128.99123020337845, 0.0,-38.31053164676858,0.0
2024-11-08 06:33:56,0.0,-91.44859577414383,128.6085525637883, 0.0,-37.159956789644454,0.0
2024-11-08 06:33:56,0.0,-92.20461385370697,128.19822067547864, 0.0,-35.99360682177169,0.0
2024-11-08 06:33:56,0.0,-93.20250357539783,127.59959426368226, 0.0,-34.39709068828445,0.0
2024-11-08 06:33:56,0.0,-93.98678587122123,127.07769995170906, 0.0,-33.090914080487835,0.0
2024-11-08 06:33:56,0.0,-94.86186815598916,126.43403370378138, 0.0,-31.57216554779221,0.0
2024-11-08 06:33:56,0.0,-96.47151695671975,125.0445111646612, 0.0,-28.572994207941424,0.0
2024-11-08 06:33:56,0.0,-97.71695685036849,123.73282174514577, 0.0,-26.01586489477731,0.0
2024-11-08 06:33:56,0.0,-98.53617683849552,122.71890510121159, 0.0,-24.18272826271604,0.0
2024-11-08 06:33:57,0.0,-98.49850161315064,122.76870095568025, 0.0,-24.270199342529615,0.0
2024-11-08 06:33:57,0.0,-98.42533467351176,122.86447011654266, 0.0,-24.439135443030903,0.0
2024-11-08 06:33:57,0.0,-98.31964654877446,123.00067310722736, 0.0,-24.6810265584529,0.0
2024-11-08 06:33:57,0.0,-98.10747863406719,123.2667886564989, 0.0,-25.159310022431733,0.0
2024-11-08 06:33:57,0.0,-97.86996064742739,123.55374762914236, 0.0,-25.683786981714995,0.0
2024-11-08 06:33:57,0.0,-97.35195696149175,124.14296348166424, 0.0,-26.791006520172488,0.0
2024-11-08 06:33:57,0.0,-95.81542576155972,125.64691727074766, 0.0,-29.83149150918797,0.0
2024-11-08 06:33:57,0.0,-94.33549379518725,126.8294547861027, 0.0,-32.49396099091548,0.0
2024-11-08 06:33:57,0.0,-92.73113411898112,127.89093730688832, 0.0,-35.15980318790721,0.0
2024-11-08 06:33:57,0.0,-91.73830012757452,128.45542987543814, 0.0,-36.71712974786358,0.0
2024-11-08 06:33:57,0.0,-91.3139952730501,128.6780213372495, 0.0,-37.36402606419941,0.0
2024-11-08 06:33:57,0.0,-90.94917816721436,128.86114041259023, 0.0,-37.911962245375875,0.0
2024-11-08 06:33:57,0.0,-90.45662307667533,129.09687347985093, 0.0,-38.64025040317562,0.0
2024-11-08 06:33:57,0.0,-90.40825080805041,129.1193366152696, 0.0,-38.71108580721917,0.0
2024-11-08 06:33:57,0.0,-90.54223975840367,129.05681816053058, 0.0,-38.51457840212693,0.0
2024-11-08 06:33:58,0.0,-91.67232040302505,128.49074266043502, 0.0,-36.81842225740996,0.0
2024-11-08 06:33:58,0.0,-93.26644341427604,127.55883036400189, 0.0,-34.29238694972587,0.0
2024-11-08 06:33:58,0.0,-94.83602390564884,126.45405863588387, 0.0,-31.618034730235024,0.0
2024-11-08 06:33:58,0.0,-96.69959228066328,124.82191081044996, 0.0,-28.122318529786682,0.0
2024-11-08 06:33:58,0.0,-98.00562881857483,123.39121264917638, 0.0,-25.385583830601515,0.0
2024-11-08 06:33:58,0.0,-98.13634331223433,123.23114149150254, 0.0,-25.094798179268217,0.0
2024-11-08 06:33:58,0.0,-98.24484631435084,123.09558606230732, 0.0,-24.85073974795649,0.0
2024-11-08 06:33:58,0.0,-98.32254173997512,122.99697497646358, 0.0,-24.674433236488436,0.0
2024-11-08 06:33:58,0.0,-98.20212361133032,123.14925691733475, 0.0,-24.947133306004446,0.0
2024-11-08 06:33:58,0.0,-97.3309811391962,124.16583791106711, 0.0,-26.834856771870903,0.0
2024-11-08 06:33:58,0.0,-96.02678100517738,125.45870777590878, 0.0,-29.431926770731422,0.0
2024-11-08 06:33:58,0.0,-94.08181518585758,127.0110844908755, 0.0,-32.9292693050179,0.0
2024-11-08 06:33:58,0.0,-92.66361058323801,127.93138789587555, 0.0,-35.26777731263757,0.0
2024-11-08 06:33:58,0.0,-91.75715319537719,128.44529135380807, 0.0,-36.6881381584309,0.0
2024-11-08 06:33:58,0.0,-90.35691321309801,129.14304538353466, 0.0,-38.78613217043664,0.0
2024-11-08 06:33:59,0.0,-89.42944031115991,129.54894590347988, 0.0,-40.11950559231997,0.0
2024-11-08 06:33:59,0.0,-88.97687024382384,129.7323654757211, 0.0,-40.75549523189728,0.0
2024-11-08 06:33:59,0.0,-88.83869022102573,129.7865547100464, 0.0,-40.94786448902068,0.0
2024-11-08 06:33:59,0.0,-88.73257338398547,129.8276077864372, 0.0,-41.095034402451745,0.0
2024-11-08 06:33:59,0.0,-88.5992585597257,129.87849947669443, 0.0,-41.27924091696873,0.0
2024-11-08 06:33:59,0.0,-88.54571203294587,129.89872823520673, 0.0,-41.353016202260896,0.0
2024-11-08 06:33:59,0.0,-88.49202606841182,129.91888859278527, 0.0,-41.426862524373455,0.0
2024-11-08 06:33:59,0.0,-88.57995780994588,129.88580483839428, 0.0,-41.305847028448405,0.0
2024-11-08 06:33:59,0.0,-90.17234224644633,129.22717842170414, 0.0,-39.05483617525779,0.0
2024-11-08 06:33:59,0.0,-91.8589491328111,128.39017563617494, 0.0,-36.53122650336389,0.0
2024-11-08 06:33:59,0.0,-92.73492154518243,127.8886590967219, 0.0,-35.153737551539486,0.0
2024-11-08 06:33:59,0.0,-93.6950267176961,127.27754055602031, 0.0,-33.582513838324225,0.0
2024-11-08 06:33:59,0.0,-94.3873955209213,126.7915970712196, 0.0,-32.40420155029833,0.0
2024-11-08 06:33:59,0.0,-95.30785579188452,126.07794248208441, 0.0,-30.770086690199896,0.0
2024-11-08 06:33:59,0.0,-96.05056655862887,125.43718920322183, 0.0,-29.386622644592954,0.0
2024-11-08 06:33:59,0.0,-96.94177886343687,124.5774370677749, 0.0,-27.635658204338036,0.0
2024-11-08 06:33:59,0.0,-98.11513710561307,123.25734737884547, 0.0,-25.14221027323239,0.0
2024-11-08 06:33:59,0.0,-99.51627385056888,121.29270833709593, 0.0,-21.776434486527034,0.0
2024-11-08 06:34:00,0.0,-99.63149910449062,121.10603675244133, 0.0,-21.47453764795072,0.0
2024-11-08 06:34:00,0.0,-99.57457166384816,121.19883176762013, 0.0,-21.624260103771963,0.0
2024-11-08 06:34:00,0.0,-99.33256910189772,121.58120414829223, 0.0,-22.248635046394515,0.0
2024-11-08 06:34:00,0.0,-98.3741842315818,122.93069976869525, 0.0,-24.556515537113448,0.0
2024-11-08 06:34:00,0.0,-97.20885212579648,124.29758498393134, 0.0,-27.088732858134854,0.0
2024-11-08 06:34:00,0.0,-95.88776807832147,125.5830977886025, 0.0,-29.695329710281012,0.0
2024-11-08 06:34:00,0.0,-93.90448339626107,127.13478149157275, 0.0,-33.23029809531168,0.0
2024-11-08 06:34:00,0.0,-92.24272590380019,128.17659236697162, 0.0,-35.933866463171434,0.0
2024-11-08 06:34:00,0.0,-90.44490345219546,129.10232690881364, 0.0,-38.65742345661816,0.0
2024-11-08 06:34:00,0.0,-88.14168483340953,130.04751734640215, 0.0,-41.9058325129926,0.0
2024-11-08 06:34:00,0.0,-87.99747789024552,130.09901173765624, 0.0,-42.101533847410714,0.0
2024-11-08 06:34:01,0.0,-88.05971851095352,130.07688883609836, 0.0,-42.01717032514485,0.0
2024-11-08 06:34:01,0.0,-90.58779414162579,129.03535020092767, 0.0,-38.44755605930185,0.0
2024-11-08 06:34:01,0.0,-92.94660899908675,127.7597298031813, 0.0,-34.8131208040946,0.0
2024-11-08 06:34:01,0.0,-94.53839789012325,126.68007259127042, 0.0,-32.14167470114715,0.0
2024-11-08 06:34:01,0.0,-95.99071602716681,125.49120346676135, 0.0,-29.500487439594533,0.0
2024-11-08 06:34:01,0.0,-97.11028752360228,124.40216036792907, 0.0,-27.291872844326786,0.0
2024-11-08 06:34:01,0.0,-97.00739841249293,124.50969957019714, 0.0,-27.502301157704224,0.0
2024-11-08 06:34:01,0.0,-96.30147029154426,125.20589099675658, 0.0,-28.904420705212303,0.0
2024-11-08 06:34:01,0.0,-94.7093569478992,126.55127256568976, 0.0,-31.84191561779056,0.0
2024-11-08 06:34:01,0.0,-93.60395802115437,127.33850817198135, 0.0,-33.73455015082698,0.0
2024-11-08 06:34:01,0.0,-92.74723171643387,127.88124742643524, 0.0,-35.134015710001385,0.0
2024-11-08 06:34:02,0.0,-92.37193392733725,128.10256608064057, 0.0,-35.73063215330331,0.0
2024-11-08 06:34:02,0.0,-92.23429234784427,128.1813864208629, 0.0,-35.947094073018654,0.0
2024-11-08 06:34:02,0.0,-92.19063656202627,128.20612924978218, 0.0,-36.0154926877559,0.0
2024-11-08 06:34:02,0.0,-92.4499618896373,128.057331277788, 0.0,-35.60736938815071,0.0
2024-11-08 06:34:02,0.0,-93.74649957383846,127.24278817006835, 0.0,-33.49628859622992,0.0
2024-11-08 06:34:02,0.0,-95.73224746045341,125.71953912068554, 0.0,-29.987291660232145,0.0
2024-11-08 06:34:02,0.0,-97.06680134986219,124.4478119827962, 0.0,-27.38101063293399,0.0
2024-11-08 06:34:02,0.0,-97.58759915363821,123.88085679963419, 0.0,-26.293257645995993,0.0
2024-11-08 06:34:02,0.0,-97.46013507274185,124.02382041240325, 0.0,-26.56368533966142,0.0
2024-11-08 06:34:02,0.0,-96.42256240647474,125.0913637885996, 0.0,-28.66880138212488,0.0
2024-11-08 06:34:02,0.0,-95.13761357163595,126.2162616156626, 0.0,-31.078648044026654,0.0
2024-11-08 06:34:02,0.0,-93.56699571092886,127.36306610442925, 0.0,-33.796070393500386,0.0
2024-11-08 06:34:02,0.0,-93.15371655059978,127.63049361708676, 0.0,-34.47677706648698,0.0
2024-11-08 06:34:02,0.0,-92.33896643865357,128.1215575350222, 0.0,-35.78259109636861,0.0
2024-11-08 06:34:02,0.0,-91.50737454294939,128.5778862918615, 0.0,-37.07051174891208,0.0
2024-11-08 06:34:03,0.0,-90.34036556095809,129.15065872451663, 0.0,-38.810293163558526,0.0
2024-11-08 06:34:03,0.0,-89.99735301914009,129.30537078444559, 0.0,-39.30801776530549,0.0
2024-11-08 06:34:03,0.0,-89.59035893291416,129.48147727349718, 0.0,-39.89111834058302,0.0
2024-11-08 06:34:03,0.0,-89.32373609228155,129.59261427893514, 0.0,-40.268878186653595,0.0
2024-11-08 06:34:03,0.0,-89.19244001248184,129.6461470381302, 0.0,-40.45370702564835,0.0
2024-11-08 06:34:03,0.0,-89.13963564827975,129.6674577466395, 0.0,-40.52782209835976,0.0
2024-11-08 06:34:03,0.0,-89.19341860851733,129.6457509175951, 0.0,-40.452332309077775,0.0
2024-11-08 06:34:03,0.0,-90.03766409880436,129.28749224540763, 0.0,-39.24982814660329,0.0
2024-11-08 06:34:03,0.0,-91.41637001489465,128.6252800155438, 0.0,-37.20891000064917,0.0
2024-11-08 06:34:03,0.0,-93.61150219905369,127.3334825630534, 0.0,-33.72198036399972,0.0
2024-11-08 06:34:03,0.0,-93.99171514832001,127.07426325788232, 0.0,-33.08254810956231,0.0
2024-11-08 06:34:03,0.0,-94.03226673868566,127.04591312675832, 0.0,-33.01364638807266,0.0
2024-11-08 06:34:03,0.0,-93.992321243024,127.07384054767229, 0.0,-33.08151930464829,0.0
2024-11-08 06:34:03,0.0,-93.49032952252689,127.41366259582261, 0.0,-33.923333073295716,0.0
2024-11-08 06:34:03,0.0,-92.98991272274945,127.73296443157538, 0.0,-34.743051708825924,0.0
2024-11-08 06:34:03,0.0,-92.80934878244443,127.84368743391131, 0.0,-35.034338651466875,0.0
2024-11-08 06:34:04,0.0,-92.76645881439453,127.86965019511214, 0.0,-35.10319138071762,0.0
2024-11-08 06:34:04,0.0,-92.68030124296241,127.9214183993927, 0.0,-35.24111715643029,0.0
2024-11-08 06:34:04,0.0,-92.63761171816961,127.94687925318554, 0.0,-35.309267535015934,0.0
2024-11-08 06:34:04,0.0,-92.12201573214604,128.24477455428533, 0.0,-36.1227588221393,0.0
2024-11-08 06:34:04,0.0,-90.80400334850593,128.9319656924768, 0.0,-38.12796234397085,0.0
2024-11-08 06:34:04,0.0,-90.59042590961205,129.0341066348435, 0.0,-38.443680725231445,0.0
2024-11-08 06:34:04,0.0,-90.76327571454378,128.951630659948, 0.0,-38.188354945404235,0.0
2024-11-08 06:34:04,0.0,-91.28055954372653,128.6951163510518, 0.0,-37.414556807325276,0.0
2024-11-08 06:34:04,0.0,-92.08630922026973,128.26476482533081, 0.0,-36.17845560506109,0.0
2024-11-08 06:34:04,0.0,-92.20552675444007,128.1977037048802, 0.0,-35.992176950440125,0.0
2024-11-08 06:34:04,0.0,-92.16023975113139,128.22328499352037, 0.0,-36.06304524238899,0.0
2024-11-08 06:34:05,0.0,-91.99684171361018,128.3144996276263, 0.0,-36.317657914016124,0.0
2024-11-08 06:34:05,0.0,-91.85430316137396,128.39270491306644, 0.0,-36.538401751692504,0.0
2024-11-08 06:34:05,0.0,-91.8080571966043,128.41780923469636, 0.0,-36.60975203809206,0.0
2024-11-08 06:34:06,0.0,-91.73383953674389,128.34596350194502, 0.0,-36.612123965201135,0.0
2024-11-08 06:34:06,0.0,-87.8591602464036,124.45705620777099, 0.0,-36.59789596136736,0.0
2024-11-08 06:34:06,0.0,-85.42910330541672,121.88005288104233, 0.0,-36.45094957562561,0.0
2024-11-08 06:34:06,0.0,-83.95272479399829,120.2627860198175, 0.0,-36.310061225819204,0.0
2024-11-08 06:34:06,0.0,-81.84231458687954,117.8839008874152, 0.0,-36.04158630053567,0.0
2024-11-08 06:34:06,0.0,-78.70579417473876,114.20476606804326, 0.0,-35.498971893304514,0.0
2024-11-08 06:34:06,0.0,-77.4367956463517,112.66835791612905, 0.0,-35.231562269777385,0.0
2024-11-08 06:34:06,0.0,-77.75413740144757,113.05512264395301, 0.0,-35.30098524250544,0.0
2024-11-08 06:34:06,0.0,-79.6795551968342,115.36515026275531, 0.0,-35.68559506592112,0.0
2024-11-08 06:34:06,0.0,-82.30127355712142,118.40792031286115, 0.0,-36.106646755739746,0.0
2024-11-08 06:34:07,0.0,-83.3447958064416,119.58558111309914, 0.0,-36.24078530665757,0.0
2024-11-08 06:34:07,0.0,-84.34195651579842,120.69292917131787, 0.0,-36.35097265551944,0.0
2024-11-08 06:34:07,0.0,-85.35403272604731,121.79875664121718, 0.0,-36.44472391516989,0.0
2024-11-08 06:34:07,0.0,-86.37427259165239,122.89497506514994, 0.0,-36.520702473497565,0.0
2024-11-08 06:34:07,0.0,-87.40440478787647,123.98287327024082, 0.0,-36.57846848236436,0.0
2024-11-08 06:34:07,0.0,-88.45167466797753,125.06929309745323, 0.0,-36.61761842947571,0.0
2024-11-08 06:34:07,0.0,-89.87756222785393,126.51668318764052, 0.0,-36.63912095978658,0.0
2024-11-08 06:34:07,0.0,-90.99217102289359,127.62254121891243, 0.0,-36.630370196018816,0.0
2024-11-08 06:34:07,0.0,-92.15931362328499,128.75649294775985, 0.0,-36.597179324474894,0.0
2024-11-08 06:34:07,0.0,-93.42203627677577,129.95567330993765, 0.0,-36.53363703316191,0.0
2024-11-08 06:34:07,0.0,-94.89773569442409,131.32084505838736, 0.0,-36.42310936396325,0.0
2024-11-08 06:34:07,0.0,-97.84158347460975,133.92837531489678, 0.0,-36.08679184028707,0.0
2024-11-08 06:34:07,0.0,-100.76296217993287,136.36575931211334, 0.0,-35.60279713218044,0.0
2024-11-08 06:34:07,0.0,-103.66331746982796,138.64115669588494, 0.0,-34.97783922605702,0.0
2024-11-08 06:34:08,0.0,-103.24840862639063,138.32431130204915, 0.0,-35.07590267565853,0.0
2024-11-08 06:34:08,0.0,-99.25182435614242,135.12345998080102, 0.0,-35.87163562465857,0.0
2024-11-08 06:34:09,0.0,-99.09278817597493,134.99042142517234, 0.0,-35.89763324919741,0.0
2024-11-08 06:34:09,0.0,-97.19032278191378,133.36471948938822, 0.0,-36.17439670747446,0.0
2024-11-08 06:34:09,0.0,-96.01823256480102,132.33143931863282, 0.0,-36.31320675383182,0.0
2024-11-08 06:34:09,0.0,-94.89561244801703,131.31890882820403, 0.0,-36.423296380187,0.0
2024-11-08 06:34:09,0.0,-93.37706917251947,129.91346128335658, 0.0,-36.53639211083711,0.0
2024-11-08 06:34:09,0.0,-92.24213304394425,128.83602407999126, 0.0,-36.59389103604698,0.0
2024-11-08 06:34:10,0.0,-90.74452342455334,127.3787758091429, 0.0,-36.63425238458956,0.0
2024-11-08 06:34:10,0.0,-89.58249870090327,126.22018144097382, 0.0,-36.637682740070574,0.0
2024-11-08 06:34:10,0.0,-88.34438654286276,124.9589030375507, 0.0,-36.61451649468793,0.0
2024-11-08 06:34:10,0.0,-86.3442958072059,122.86303187090526, 0.0,-36.51873606369934,0.0
2024-11-08 06:34:10,0.0,-84.09970498703042,120.42553133984117, 0.0,-36.32582635281079,0.0
2024-11-08 06:34:10,0.0,-81.70153068356701,117.72242031959594, 0.0,-36.02088963602895,0.0
2024-11-08 06:34:10,0.0,-80.0502917976246,115.80266340374179, 0.0,-35.752371606117215,0.0
2024-11-08 06:34:10,0.0,-80.29785006919224,116.09349197249364, 0.0,-35.795641903301416,0.0
2024-11-08 06:34:10,0.0,-82.9969575477133,119.19516387932495, 0.0,-36.19820633161167,0.0
2024-11-08 06:34:10,0.0,-85.4419204823432,121.8939229267472, 0.0,-36.45200244440396,0.0
2024-11-08 06:34:10,0.0,-87.92534107770405,124.52575385051968, 0.0,-36.600412772815645,0.0
2024-11-08 06:34:10,0.0,-89.2313225087247,125.86524496520249, 0.0,-36.63392245647782,0.0
2024-11-08 06:34:10,0.0,-89.41409216254962,126.05024947784845, 0.0,-36.63615731529885,0.0
2024-11-08 06:34:10,0.0,-89.48724311951223,126.12412593239868, 0.0,-36.63688281288646,0.0
2024-11-08 06:34:11,0.0,-89.78890298216776,126.42775698911989, 0.0,-36.638854006952144,0.0
2024-11-08 06:34:11,0.0,-89.93614148751149,126.57536096602955, 0.0,-36.63921947851807,0.0
2024-11-08 06:34:11,0.0,-90.00975607331452,126.64901150622588, 0.0,-36.63925543291136,0.0
2024-11-08 06:34:11,0.0,-90.15740844010885,126.7964410525718, 0.0,-36.63903261246297,0.0
2024-11-08 06:34:11,0.0,-90.38757787845894,127.02547809395466, 0.0,-36.63790021549573,0.0
2024-11-08 06:34:11,0.0,-91.84624053556743,128.45473358344566, 0.0,-36.60849304787821,0.0
2024-11-08 06:34:11,0.0,-95.44179434031818,131.81433242738387, 0.0,-36.372538087065706,0.0
2024-11-08 06:34:11,0.0,-98.25337393303035,134.2809307958679, 0.0,-36.02755686283757,0.0
2024-11-08 06:34:11,0.0,-99.04127866350221,134.9472379673835, 0.0,-35.90595930388131,0.0
2024-11-08 06:34:11,0.0,-98.6551253710145,134.622032563985, 0.0,-35.96690719297048,0.0
2024-11-08 06:34:11,0.0,-95.04170719655345,131.45194778224408, 0.0,-36.41024058569063,0.0
2024-11-08 06:34:12,0.0,-91.42265775009663,128.04364551765906, 0.0,-36.620987767562426,0.0
2024-11-08 06:34:12,0.0,-88.83824312658611,125.46531636898669, 0.0,-36.627073242400606,0.0
2024-11-08 06:34:12,0.0,-85.50836985174992,121.96578369515396, 0.0,-36.45741384340406,0.0
2024-11-08 06:34:12,0.0,-83.08597944770419,119.29528646459852, 0.0,-36.20930701689435,0.0
2024-11-08 06:34:12,0.0,-82.9229836474582,119.1118593261384, 0.0,-36.18887567868021,0.0
2024-11-08 06:34:12,0.0,-82.82188528483819,118.99785289190082, 0.0,-36.17596760706263,0.0
2024-11-08 06:34:12,0.0,-82.75453466862584,118.92180306144783, 0.0,-36.16726839282202,0.0
2024-11-08 06:34:12,0.0,-82.89897765350055,119.08480460415244, 0.0,-36.18582695065189,0.0
2024-11-08 06:34:12,0.0,-84.76954583715748,121.16235523585542, 0.0,-36.39280939869789,0.0
2024-11-08 06:34:12,0.0,-87.23609963636298,123.8064341104487, 0.0,-36.570334474085705,0.0
2024-11-08 06:34:12,0.0,-89.36182734855448,125.99740714620373, 0.0,-36.635579797649264,0.0
2024-11-08 06:34:12,0.0,-91.86106169191447,128.46905897235314, 0.0,-36.60799728043869,0.0
2024-11-08 06:34:12,0.0,-94.5261698286897,130.9807807388958, 0.0,-36.45461091020602,0.0
2024-11-08 06:34:12,0.0,-97.27793431190261,133.44098035594126, 0.0,-36.16304604403867,0.0
2024-11-08 06:34:12,0.0,-98.19100664528138,134.22772571453856, 0.0,-36.036719069257195,0.0
2024-11-08 06:34:13,0.0,-98.0592722437673,134.11512025866006, 0.0,-36.05584801489275,0.0
2024-11-08 06:34:13,0.0,-94.33025856298043,130.80048511861975, 0.0,-36.470226555639364,0.0
2024-11-08 06:34:13,0.0,-92.55079066671374,129.13133858775728, 0.0,-36.58054792104359,0.0
2024-11-08 06:34:13,0.0,-91.26385549295327,127.88869355534284, 0.0,-36.62483806238957,0.0
2024-11-08 06:34:13,0.0,-89.87668030816482,126.51579931133293, 0.0,-36.639119003168105,0.0
2024-11-08 06:34:13,0.0,-88.0519809247642,124.65698971764331, 0.0,-36.60500879287912,0.0
2024-11-08 06:34:13,0.0,-84.79317715886103,121.18820374978972, 0.0,-36.395026590928694,0.0
2024-11-08 06:34:13,0.0,-82.38106066683045,118.4986406106614, 0.0,-36.117579943830926,0.0
2024-11-08 06:34:13,0.0,-82.51722442049605,118.65320439902959, 0.0,-36.135979978533534,0.0
2024-11-08 06:34:13,0.0,-84.53983024355507,120.91056820385025, 0.0,-36.37073796029523,0.0
2024-11-08 06:34:13,0.0,-87.79127701727447,124.38650944548608, 0.0,-36.59523242821163,0.0
2024-11-08 06:34:13,0.0,-90.34420981442403,126.98239652514725, 0.0,-36.63818671072323,0.0
2024-11-08 06:34:14,0.0,-92.99829550652967,129.5564528901569, 0.0,-36.558157383627204,0.0
2024-11-08 06:34:14,0.0,-94.99785624439218,131.41205559023183, 0.0,-36.41419934583969,0.0
2024-11-08 06:34:14,0.0,-94.6605706133773,131.10407175827424, 0.0,-36.44350114489696,0.0
2024-11-08 06:34:14,0.0,-90.24276805191954,126.88149229408018, 0.0,-36.638724242160656,0.0
2024-11-08 06:34:14,0.0,-87.39148941767124,123.96935177172173, 0.0,-36.57786235405052,0.0
2024-11-08 06:34:14,0.0,-84.92119115856536,121.32805550156868, 0.0,-36.40686434300334,0.0
2024-11-08 06:34:14,0.0,-82.5112086481676,118.64638258944379, 0.0,-36.13517394127619,0.0
2024-11-08 06:34:14,0.0,-84.82843545888002,121.22675162646105, 0.0,-36.39831616758105,0.0
2024-11-08 06:34:14,0.0,-87.29643925673915,123.86974849236523, 0.0,-36.573309235626084,0.0
2024-11-08 06:34:14,0.0,-89.82480510175672,126.4637843087694, 0.0,-36.6389792070127,0.0
2024-11-08 06:34:14,0.0,-92.44045461680942,129.02596931349944, 0.0,-36.58551469669005,0.0
2024-11-08 06:34:14,0.0,-96.02633959315189,132.33866980362438, 0.0,-36.312330210472545,0.0
2024-11-08 06:34:15,0.0,-98.30185614548186,134.32224361241742, 0.0,-36.02038746693557,0.0
2024-11-08 06:34:15,0.0,-99.60100554121246,135.41402159619406, 0.0,-35.813016054981574,0.0
2024-11-08 06:34:15,0.0,-100.72882391868967,136.33812804623892, 0.0,-35.60930412754924,0.0
2024-11-08 06:34:15,0.0,-100.90138292482618,136.47759172074637, 0.0,-35.57620879592022,0.0
2024-11-08 06:34:15,0.0,-101.40761579706607,136.88379977140318, 0.0,-35.476183974337125,0.0
2024-11-08 06:34:15,0.0,-101.82151640346852,137.21267965214145, 0.0,-35.39116324867293,0.0
2024-11-08 06:34:15,0.0,-101.9531802823298,137.31668921408183, 0.0,-35.363508931752044,0.0
2024-11-08 06:34:15,0.0,-101.86668297628967,137.24839262087605, 0.0,-35.38170964458638,0.0
2024-11-08 06:34:15,0.0,-101.45917934959559,136.92493010111588, 0.0,-35.46575075152029,0.0
2024-11-08 06:34:15,0.0,-100.74757330933812,136.35330613950245, 0.0,-35.605732830164335,0.0
2024-11-08 06:34:15,0.0,-98.36034676763698,134.3720301219229, 0.0,-36.01168335428591,0.0
2024-11-08 06:34:15,0.0,-94.93039989564413,131.35062204312797, 0.0,-36.4202221474838,0.0
2024-11-08 06:34:15,0.0,-92.24265245238121,128.8365224757942, 0.0,-36.59387002341297,0.0
2024-11-08 06:34:15,0.0,-88.78601363714398,125.41196694996052, 0.0,-36.62595331281656,0.0
2024-11-08 06:34:16,0.0,-85.45301072210145,121.90592180539176, 0.0,-36.452911083290275,0.0
2024-11-08 06:34:16,0.0,-83.09675084964316,119.3073915299588, 0.0,-36.210640680315684,0.0
2024-11-08 06:34:16,0.0,-83.16577089989912,119.38490868117732, 0.0,-36.21913778127823,0.0
2024-11-08 06:34:16,0.0,-85.197296762154,121.62869778502683, 0.0,-36.431401022872876,0.0
2024-11-08 06:34:16,0.0,-88.43662372792312,125.05381951948807, 0.0,-36.61719579156494,0.0
2024-11-08 06:34:16,0.0,-88.16002401429843,124.76872542070494, 0.0,-36.60870140640652,0.0
2024-11-08 06:34:16,0.0,-87.4694055498483,124.05087898944291, 0.0,-36.58147343959461,0.0
2024-11-08 06:34:16,0.0,-86.63543804346624,123.17259000102555, 0.0,-36.53715195755931,0.0
2024-11-08 06:34:16,0.0,-86.38977502537261,122.91148809813448, 0.0,-36.52171307276188,0.0
2024-11-08 06:34:16,0.0,-86.31969704876306,122.83680744524065, 0.0,-36.517110396477584,0.0
2024-11-08 06:34:18,0.0,-86.41334991621954,122.78569694656143, 0.0,-36.3723470303419,0.0
2024-11-08 06:34:18,0.0,-86.96523956426142,122.47274236220407, 0.0,-35.50750279794265,0.0
2024-11-08 06:34:18,0.0,-88.43107204644657,121.53350549745937, 0.0,-33.1024334510128,0.0
2024-11-08 06:34:18,0.0,-89.30198187068414,120.88930921617259, 0.0,-31.587327345488447,0.0
2024-11-08 06:34:18,0.0,-89.58541151176591,120.66367549711421, 0.0,-31.078263985348293,0.0
2024-11-08 06:34:18,0.0,-89.70351652948183,120.56715476835288, 0.0,-30.863638238871065,0.0
2024-11-08 06:34:18,0.0,-89.77023872455632,120.51195719590797, 0.0,-30.741718471351668,0.0
2024-11-08 06:34:18,0.0,-89.71364962253168,120.55880328881393, 0.0,-30.84515366628228,0.0
2024-11-08 06:34:18,0.0,-88.98590374620065,121.13137483233909, 0.0,-32.14547108613845,0.0
2024-11-08 06:34:18,0.0,-88.08175008249233,121.77278271417147, 0.0,-33.69103263167913,0.0
2024-11-08 06:34:19,0.0,-86.16989974305622,122.91739613944875, 0.0,-36.74749639639254,0.0
2024-11-08 06:34:19,0.0,-84.85425921257581,123.56760544411529, 0.0,-38.71334623153949,0.0
2024-11-08 06:34:19,0.0,-84.40970242935785,123.76566658379711, 0.0,-39.35596415443927,0.0
2024-11-08 06:34:19,0.0,-84.29364055241092,123.8157020462653, 0.0,-39.522061493854395,0.0
2024-11-08 06:34:19,0.0,-84.10647037051211,123.89497337678243, 0.0,-39.78850300627032,0.0
2024-11-08 06:34:19,0.0,-84.01250018995606,123.93412073041384, 0.0,-39.92162054045779,0.0
2024-11-08 06:34:19,0.0,-84.19526563325628,123.85758312662769, 0.0,-39.66231749337142,0.0
2024-11-08 06:34:19,0.0,-85.75534178213573,123.13317298817688, 0.0,-37.377831206041186,0.0
2024-11-08 06:34:19,0.0,-87.30199831906943,122.27144452946067, 0.0,-34.96944621039123,0.0
2024-11-08 06:34:19,0.0,-87.77660138519848,121.97356615623646, 0.0,-34.19696477103798,0.0
2024-11-08 06:34:19,0.0,-87.87316686614757,121.91083417483823, 0.0,-34.03766730869067,0.0
2024-11-08 06:34:19,0.0,-87.83066679291066,121.93853441089605, 0.0,-34.1078676179854,0.0
2024-11-08 06:34:19,0.0,-87.07379939014048,122.40873261499485, 0.0,-35.33493322485436,0.0
2024-11-08 06:34:19,0.0,-86.13413204983752,122.93642963158254, 0.0,-36.802297581745016,0.0
2024-11-08 06:34:19,0.0,-85.73027956271397,123.14588488312818, 0.0,-37.41560532041422,0.0
2024-11-08 06:34:22,0.0,-85.81453776934637,123.270632810808, 0.0,-37.45609504146163,0.0
2024-11-08 06:34:22,0.0,-90.0207452441397,127.6366102520031, 0.0,-37.615865007863434,0.0
2024-11-08 06:34:22,0.0,-92.63902898331392,130.19132431161947, 0.0,-37.552295328305505,0.0
2024-11-08 06:34:22,0.0,-96.28150594860912,133.53813764994672, 0.0,-37.25663170133767,0.0
2024-11-08 06:34:22,0.0,-97.22292529406771,134.36429168131698, 0.0,-37.14136638724929,0.0
2024-11-08 06:34:22,0.0,-97.30489821036919,134.43547936491274, 0.0,-37.13058115454357,0.0
2024-11-08 06:34:23,0.0,-97.22487333220738,134.36598480301726, 0.0,-37.14111147080986,0.0
2024-11-08 06:34:23,0.0,-96.98461741676465,134.1566580552703, 0.0,-37.17204063850565,0.0
2024-11-08 06:34:24,0.0,-96.9042454226057,134.08640287057872, 0.0,-37.182157447973026,0.0
2024-11-08 06:34:28,0.0,-96.73408254790125,133.93727859983596, 0.0,-37.203196051934704,0.0
2024-11-08 06:34:28,0.0,-92.10158319009487,129.67712743306987, 0.0,-37.575544242974956,0.0
2024-11-08 06:34:28,0.0,-88.80289965611742,126.40568148428798, 0.0,-37.60278182817055,0.0
2024-11-08 06:34:28,0.0,-87.54386514262521,125.10466273997793, 0.0,-37.56079759735272,0.0
2024-11-08 06:34:28,0.0,-87.39360779937338,124.94746497283985, 0.0,-37.553857173466476,0.0
2024-11-08 06:34:28,0.0,-87.70380951259118,125.27154314641194, 0.0,-37.56773363382078,0.0
2024-11-08 06:34:28,0.0,-91.53978223430543,129.13400065274243, 0.0,-37.59421841843698,0.0
2024-11-08 06:34:28,0.0,-94.18972055547258,131.64549078070885, 0.0,-37.45577022523624,0.0
2024-11-08 06:34:28,0.0,-97.05932723827893,134.22186042544828, 0.0,-37.16253318716932,0.0
2024-11-08 06:34:29,0.0,-96.89034300630064,134.07423872088904, 0.0,-37.18389571458844,0.0
2024-11-08 06:34:29,0.0,-96.64163387987,133.85604318791718, 0.0,-37.21440930804718,0.0
2024-11-08 06:34:29,0.0,-96.7768694987358,133.78681283582065, 0.0,-37.009943337084856,0.0
2024-11-08 06:34:30,0.0,-97.80080901094445,133.22822116639526, 0.0,-35.42741215545083,0.0
2024-11-08 06:34:30,0.0,-98.27572627249505,132.94692408763305, 0.0,-34.67119781513799,0.0
2024-11-08 06:34:30,0.0,-98.49275092713337,132.81330361936335, 0.0,-34.32055269222998,0.0
2024-11-08 06:34:30,0.0,-98.88400938206404,132.56392432298077, 0.0,-33.67991494091673,0.0
2024-11-08 06:34:30,0.0,-99.22140038313177,132.33967994814287, 0.0,-33.118279565011115,0.0
2024-11-08 06:34:30,0.0,-99.48655877434557,132.1571445086055, 0.0,-32.670585734259966,0.0
2024-11-08 06:34:30,0.0,-99.52827815551275,132.12790210781807, 0.0,-32.59962395230533,0.0
2024-11-08 06:36:03,0.0,-99.29754239484565,131.93453694275414, 0.0,-32.63699454790849,0.0
2024-11-08 06:36:03,0.0,-94.3295411278528,127.55187299609968, 0.0,-33.2223318682469,0.0
2024-11-08 06:36:03,0.0,-93.77695392728776,127.03821122992036, 0.0,-33.2612573026326,0.0
2024-11-08 06:36:03,0.0,-93.66461005938166,126.9331346906399, 0.0,-33.26852463125825,0.0
2024-11-08 06:36:04,0.0,-93.51505331691278,126.7929132726063, 0.0,-33.27785995569352,0.0
2024-11-08 06:36:04,0.0,-93.44101752169247,126.72335536766307, 0.0,-33.282337845970616,0.0
2024-11-08 06:36:04,0.0,-92.7556275903742,126.07490630692546, 0.0,-33.31927871655126,0.0
2024-11-08 06:36:04,0.0,-91.88535799998813,125.2397870502879, 0.0,-33.35442905029977,0.0
2024-11-08 06:36:04,0.0,-90.9887459303897,124.36561247792453, 0.0,-33.376866547534824,0.0
2024-11-08 06:36:04,0.0,-90.54801950701446,123.93078457976236, 0.0,-33.38276507274791,0.0
2024-11-08 06:36:04,0.0,-90.82876915990812,124.20816786022718, 0.0,-33.37939870031906,0.0
2024-11-08 06:36:04,0.0,-93.05408880749113,126.3582829796833, 0.0,-33.30419417219219,0.0
2024-11-08 06:36:04,0.0,-95.75955130703628,128.85667956597823, 0.0,-33.09712825894192,0.0
2024-11-08 06:36:04,0.0,-99.51812050873642,132.11940842412753, 0.0,-32.60128791539108,0.0
2024-11-08 06:36:04,0.0,-102.47241984534215,134.5173995360212, 0.0,-32.04497969067903,0.0
2024-11-08 06:36:04,0.0,-105.00783371118486,136.46156753369158, 0.0,-31.453733822506745,0.0
2024-11-08 06:36:05,0.0,-104.92022049600553,136.39610639625758, 0.0,-31.475885900252035,0.0
2024-11-08 06:36:05,0.0,-100.02729061189643,132.54304123013426, 0.0,-32.515750618237874,0.0
2024-11-08 06:36:05,0.0,-98.49983122332867,131.25912268014397, 0.0,-32.75929145681533,0.0
2024-11-08 06:36:05,0.0,-97.42813236114506,130.33478469460772, 0.0,-32.906652333462645,0.0
2024-11-08 06:36:05,0.0,-96.27112493546184,129.31491964339392, 0.0,-33.04379470793209,0.0
2024-11-08 06:36:05,0.0,-94.76062210095299,127.94892295895909, 0.0,-33.188300858006116,0.0
2024-11-08 06:36:05,0.0,-93.63934557662893,126.90947441635538, 0.0,-33.27012883972644,0.0
2024-11-08 06:36:05,0.0,-92.53135581778065,125.8609517127255, 0.0,-33.32959589494486,0.0
2024-11-08 06:36:05,0.0,-91.05950363235871,124.43510806690895, 0.0,-33.375604434550254,0.0
2024-11-08 06:36:05,0.0,-89.9727440715206,123.35811837839387, 0.0,-33.38537430687326,0.0
2024-11-08 06:36:05,0.0,-88.82872040776192,122.20215346459409, 0.0,-33.373433056832184,0.0
2024-11-08 06:36:05,0.0,-87.22359949780252,120.54187839746416, 0.0,-33.318278899661635,0.0
2024-11-08 06:36:05,0.0,-85.82720625535228,119.0611163580995, 0.0,-33.23391010274719,0.0
2024-11-08 06:36:06,0.0,-83.87753014228281,116.93728544271346, 0.0,-33.059755300430666,0.0
2024-11-08 06:36:06,0.0,-81.46149213907292,114.21510169017313, 0.0,-32.75360955110025,0.0
2024-11-08 06:36:06,0.0,-79.09160803834205,111.44911747555194, 0.0,-32.357509437209934,0.0
2024-11-08 06:36:06,0.0,-78.85737107128172,111.17064272964923, 0.0,-32.313271658367526,0.0
2024-11-08 06:36:06,0.0,-79.16914038652149,111.5410922000813, 0.0,-32.371951813559804,0.0
2024-11-08 06:36:06,0.0,-81.33734215187063,114.07254232648988, 0.0,-32.73520017461925,0.0
2024-11-08 06:36:06,0.0,-83.50483459482162,116.52385957912136, 0.0,-33.01902498429979,0.0
2024-11-08 06:36:06,0.0,-84.59903724382434,117.73087035123925, 0.0,-33.131833107414934,0.0
2024-11-08 06:36:06,0.0,-85.93960007025734,119.1815506760941, 0.0,-33.24195060583679,0.0
2024-11-08 06:36:06,0.0,-86.9969560354877,120.30383966646548, 0.0,-33.30688363097778,0.0
2024-11-08 06:36:06,0.0,-88.08290185114714,121.43628025121939, 0.0,-33.35337840007226,0.0
2024-11-08 06:36:06,0.0,-89.21306353646011,122.59305086895773, 0.0,-33.379987332497635,0.0
2024-11-08 06:36:06,0.0,-90.9076628104028,124.28586845843074, 0.0,-33.37820564802796,0.0
2024-11-08 06:36:06,0.0,-93.23020631336473,126.52477413043852, 0.0,-33.29456781707382,0.0
2024-11-08 06:36:06,0.0,-95.93047935213394,129.01028725049693, 0.0,-33.07980789836301,0.0
2024-11-08 06:36:06,0.0,-96.02294387175913,129.09317318157994, 0.0,-33.07022930982082,0.0
2024-11-08 06:36:07,0.0,-96.16695145158715,129.22197062999254, 0.0,-33.0550191784054,0.0
2024-11-08 06:36:07,0.0,-96.4777569657032,129.49873740630593, 0.0,-33.020980440602756,0.0
2024-11-08 06:36:07,0.0,-96.40008848087083,129.42973007019174, 0.0,-33.0296415893209,0.0
2024-11-08 06:36:08,0.0,-94.55125181465891,127.75648188053793, 0.0,-33.20523006587902,0.0
2024-11-08 06:36:08,0.0,-93.64975067462079,126.91922016522149, 0.0,-33.26946949060072,0.0
2024-11-08 06:36:08,0.0,-93.18397287104189,126.48111983105211, 0.0,-33.29714696001024,0.0
2024-11-08 06:36:08,0.0,-92.46284377330349,125.79541720957589, 0.0,-33.3325734362724,0.0
2024-11-08 06:36:08,0.0,-91.85632425313554,125.21169902213462, 0.0,-33.355374768999084,0.0
2024-11-08 06:36:08,0.0,-91.34578230423381,124.7153905970904, 0.0,-33.36960829285661,0.0
2024-11-08 06:36:08,0.0,-91.09049000783988,124.46551428859746, 0.0,-33.37502428075759,0.0
2024-11-08 06:36:08,0.0,-90.7820716326703,124.16212544059498, 0.0,-33.38005380792469,0.0
2024-11-08 06:36:08,0.0,-90.39378847103775,123.77781864724113, 0.0,-33.38403017620338,0.0
2024-11-08 06:36:08,0.0,-89.56126510818808,122.94496938260595, 0.0,-33.38370427441786,0.0
2024-11-08 06:36:08,0.0,-88.8694395306844,122.24368879092472, 0.0,-33.374249260240326,0.0
2024-11-08 06:36:08,0.0,-88.25198598609822,121.61075937251977, 0.0,-33.358773386421554,0.0
2024-11-08 06:36:08,0.0,-87.4906617679937,120.82122344238624, 0.0,-33.33056167439255,0.0
2024-11-08 06:36:08,0.0,-86.77689508776307,120.07186146795716, 0.0,-33.294966380194104,0.0
2024-11-08 06:36:08,0.0,-86.5944485119449,119.87889778648638, 0.0,-33.28444927454148,0.0
2024-11-08 06:36:08,0.0,-86.83922724731099,120.13765446098716, 0.0,-33.298427213676185,0.0
2024-11-08 06:36:08,0.0,-87.844064279089,121.1889748463131, 0.0,-33.34491056722411,0.0
2024-11-08 06:36:09,0.0,-88.38266792007165,121.74527024028214, 0.0,-33.36260232021048,0.0
2024-11-08 06:36:09,0.0,-88.60632296472215,121.97478879038724, 0.0,-33.368465825665105,0.0
2024-11-08 06:36:09,0.0,-88.6782991302905,122.04846676993988, 0.0,-33.37016763964938,0.0
2024-11-08 06:36:09,0.0,-88.75032734771803,122.12210775783865, 0.0,-33.371780410120635,0.0
2024-11-08 06:36:09,0.0,-89.04705517253518,122.42452709532584, 0.0,-33.377471922790654,0.0
2024-11-08 06:36:09,0.0,-89.53094657463878,122.91441113914465, 0.0,-33.383464564505864,0.0
2024-11-08 06:36:09,0.0,-89.83828291048555,123.22343590704585, 0.0,-33.38515299656031,0.0
2024-11-08 06:36:09,0.0,-89.99236672062804,123.37774699036044, 0.0,-33.38538026973241,0.0
2024-11-08 06:36:09,0.0,-90.10212405268572,123.48741399316006, 0.0,-33.38528994047434,0.0
2024-11-08 06:36:09,0.0,-90.24851140127556,123.63335428466303, 0.0,-33.384842883387485,0.0
2024-11-08 06:36:09,0.0,-90.39512824546098,123.77914921591483, 0.0,-33.38402097045386,0.0
2024-11-08 06:36:09,0.0,-90.46852335269676,123.85199224567472, 0.0,-33.38346889297795,0.0
2024-11-08 06:36:09,0.0,-90.69729756276058,124.07844359508339, 0.0,-33.38114603232281,0.0
2024-11-08 06:36:09,0.0,-91.04566635377206,124.42152446232436, 0.0,-33.37585810855229,0.0
2024-11-08 06:36:09,0.0,-91.27570115713047,124.64690918880378, 0.0,-33.37120803167331,0.0
2024-11-08 06:36:09,0.0,-91.49818171762932,124.86401611991963, 0.0,-33.36583440229031,0.0
2024-11-08 06:36:10,0.0,-91.75844458194726,125.11689955250273, 0.0,-33.358454970555464,0.0
2024-11-08 06:36:10,0.0,-92.18548483082374,125.52927880668899, 0.0,-33.34379397586527,0.0
2024-11-08 06:36:10,0.0,-92.37248412111265,125.70885988227548, 0.0,-33.33637576116283,0.0
2024-11-08 06:36:10,0.0,-92.44749702510357,125.78072625277223, 0.0,-33.33322922766865,0.0
2024-11-08 06:36:10,0.0,-92.63531450042481,125.96023660020957, 0.0,-33.32492209978475,0.0
2024-11-08 06:36:10,0.0,-93.03755835680903,126.34262843804089, 0.0,-33.30507008123186,0.0
2024-11-08 06:36:10,0.0,-93.66355512309617,126.9321469604033, 0.0,-33.26859183730713,0.0
2024-11-08 06:36:10,0.0,-94.48507587082918,127.69549936307509, 0.0,-33.21042349224591,0.0
2024-11-08 06:36:10,0.0,-94.95240184396631,128.1245321076918, 0.0,-33.172130263725506,0.0
2024-11-08 06:36:10,0.0,-95.19345406307488,128.34435980444155, 0.0,-33.15090574136668,0.0
2024-11-08 06:36:11,0.0,-95.2516849452891,128.28249699689977, 0.0,-33.03081205161068,0.0
2024-11-08 06:36:11,0.0,-95.01263729562132,127.22659881351919, 0.0,-32.21396151789786,0.0
2024-11-08 06:36:11,0.0,-94.35748099221834,125.41236110877912, 0.0,-31.054880116560795,0.0
2024-11-08 06:36:11,0.0,-93.2430223662316,123.33929208766764, 0.0,-30.09626972143606,0.0
2024-11-08 06:36:11,0.0,-92.98386638592224,122.98827230406391, 0.0,-30.004405918141654,0.0
2024-11-08 06:36:11,0.0,-92.56262565764906,122.36830042214386, 0.0,-29.805674764494782,0.0
2024-11-08 06:36:11,0.0,-92.13700268292155,121.65935614019958, 0.0,-29.522353457278037,0.0
2024-11-08 06:36:11,0.0,-91.66405121571455,120.85457443079403, 0.0,-29.190523215079477,0.0
2024-11-08 06:36:11,0.0,-91.50219497741587,120.56395351991603, 0.0,-29.061758542500154,0.0
2024-11-08 06:36:12,0.0,-91.5082146240481,120.63530460971752, 0.0,-29.127089985669453,0.0
2024-11-08 06:36:12,0.0,-91.97626514127188,122.07441047704216, 0.0,-30.098145335770287,0.0
2024-11-08 06:36:12,0.0,-93.09754595862823,124.96658664509852, 0.0,-31.86904068647029,0.0
2024-11-08 06:36:12,0.0,-93.59965418032232,126.29595803978964, 0.0,-32.69630385946732,0.0
2024-11-08 06:36:12,0.0,-94.13703396470589,128.0078824078991, 0.0,-33.87084844319321,0.0
2024-11-08 06:36:12,0.0,-94.46523813213238,129.2690332199207, 0.0,-34.8037950877883,0.0
2024-11-08 06:36:12,0.0,-94.93882986155077,130.68253818983044, 0.0,-35.743708328279666,0.0
2024-11-08 06:36:12,0.0,-95.12380684968498,131.13603099340074, 0.0,-36.01222414371574,0.0
2024-11-08 06:36:12,0.0,-95.1306327918495,131.06667157054494, 0.0,-35.936038778695455,0.0
2024-11-08 06:36:13,0.0,-94.4145768618257,129.36987371283317, 0.0,-34.95529685100748,0.0
2024-11-08 06:36:13,0.0,-92.71877146626382,125.80888029840044, 0.0,-33.090108832136615,0.0
2024-11-08 06:36:13,0.0,-91.97976183837824,123.90188087624533, 0.0,-31.922119037867084,0.0
2024-11-08 06:36:13,0.0,-91.94335331364138,123.79810809880591, 0.0,-31.85475478516455,0.0
2024-11-08 06:36:13,0.0,-91.834295892225,123.55563204534315, 0.0,-31.721336153118138,0.0
2024-11-08 06:36:13,0.0,-91.64658373538416,123.23278749225847, 0.0,-31.586203756874305,0.0
2024-11-08 06:36:13,0.0,-91.50228825615926,123.02416216662702, 0.0,-31.521873910467757,0.0
2024-11-08 06:36:13,0.0,-91.41230498477978,122.90233826953755, 0.0,-31.490033284757775,0.0
2024-11-08 06:36:13,0.0,-91.31613640716277,122.91725058082326, 0.0,-31.601114173660502,0.0
2024-11-08 06:36:13,0.0,-90.01993729182276,123.18916318735964, 0.0,-33.169225895536904,0.0
2024-11-08 06:36:13,0.0,-88.12984358925463,123.52609328910428, 0.0,-35.39624969984965,0.0
2024-11-08 06:36:13,0.0,-86.5146278252901,123.71604352847271, 0.0,-37.20141570318262,0.0
2024-11-08 06:36:13,0.0,-85.18676045857417,123.82863478568663, 0.0,-38.64187432711245,0.0
2024-11-08 06:36:13,0.0,-83.70826329842158,123.73667056703954, 0.0,-40.028407268617954,0.0
2024-11-08 06:36:13,0.0,-83.05092321061241,123.68517158065517, 0.0,-40.634248370042776,0.0
2024-11-08 06:36:13,0.0,-82.64188342141293,123.64842006423191, 0.0,-41.00653664281902,0.0
2024-11-08 06:36:14,0.0,-82.96726775109695,123.7726967080637, 0.0,-40.80542895696677,0.0
2024-11-08 06:36:14,0.0,-83.93511360848953,124.29495539434983, 0.0,-40.35984178586031,0.0
2024-11-08 06:36:14,0.0,-85.88403694633595,125.54244639521414, 0.0,-39.65840944887819,0.0
2024-11-08 06:36:14,0.0,-87.62360047973942,126.78783371081784, 0.0,-39.16423323107841,0.0
2024-11-08 06:36:14,0.0,-88.57786227961341,127.57870901584106, 0.0,-39.00084673622765,0.0
2024-11-08 06:36:14,0.0,-89.66123952942891,128.36693948727313, 0.0,-38.70569995784423,0.0
2024-11-08 06:36:14,0.0,-90.10705474770351,128.72745834652054, 0.0,-38.62040359881702,0.0
2024-11-08 06:36:14,0.0,-90.40474965375431,129.10513292366244, 0.0,-38.70038326990815,0.0
2024-11-08 06:36:14,0.0,-90.7374725643244,130.41359158497573, 0.0,-39.67611902065135,0.0
2024-11-08 06:36:14,0.0,-90.3598383298081,131.56180082509297, 0.0,-41.201962495284846,0.0
2024-11-08 06:36:14,0.0,-89.29178129062126,131.9581923420185, 0.0,-42.66641105139726,0.0
2024-11-08 06:36:14,0.0,-88.6611051873908,131.71805206175472, 0.0,-43.056946874363916,0.0
2024-11-08 06:36:14,0.0,-87.90536864928242,131.0239264917137, 0.0,-43.11855784243128,0.0
2024-11-08 06:36:14,0.0,-86.86292048043512,129.6337256545396, 0.0,-42.77080517410449,0.0
2024-11-08 06:36:14,0.0,-85.80635332266135,127.72559774818455, 0.0,-41.919244425523196,0.0
2024-11-08 06:36:14,0.0,-85.02052214278436,125.83219018360936, 0.0,-40.81166804082502,0.0
2024-11-08 06:36:14,0.0,-85.00876070307524,124.85203034966514, 0.0,-39.84326964658992,0.0
2024-11-08 06:36:14,0.0,-85.5165160342066,123.63294778612925, 0.0,-38.11643175192263,0.0
2024-11-08 06:36:15,0.0,-86.38629994665862,122.73771760025178, 0.0,-36.351417653593174,0.0
2024-11-08 06:36:15,0.0,-87.50331063150216,122.38132654553718, 0.0,-34.878015914035004,0.0
2024-11-08 06:36:15,0.0,-89.30371170027442,122.89091167691899, 0.0,-33.587199976644584,0.0
2024-11-08 06:36:15,0.0,-91.29816943174919,124.25182046404652, 0.0,-32.953651032297316,0.0
2024-11-08 06:36:15,0.0,-94.13470379069707,126.58481303310518, 0.0,-32.45010924240811,0.0
2024-11-08 06:36:15,0.0,-97.65616039406456,129.8112101111885, 0.0,-32.15504971712401,0.0
2024-11-08 06:36:15,0.0,-97.97267690599969,130.46442524280292, 0.0,-32.49174833680325,0.0
2024-11-08 06:36:15,0.0,-97.99942262050486,131.17411764584594, 0.0,-33.1746950253411,0.0
2024-11-08 06:36:15,0.0,-97.14042176748082,131.7801151680543, 0.0,-34.6396934005735,0.0
2024-11-08 06:36:15,0.0,-93.86190723093216,131.4411649886074, 0.0,-37.57925775767527,0.0
2024-11-08 06:36:15,0.0,-91.39055323638055,129.7835601159268, 0.0,-38.393006879546284,0.0
2024-11-08 06:36:15,0.0,-89.36864763724377,126.91923588662482, 0.0,-37.55058824938108,0.0
2024-11-08 06:36:15,0.0,-88.54495339194713,124.4409851125906, 0.0,-35.89603172064349,0.0
2024-11-08 06:36:15,0.0,-89.41920622698927,123.25220928846578, 0.0,-33.83300306147651,0.0
2024-11-08 06:36:15,0.0,-90.80050669102593,123.43869483642099, 0.0,-32.63818814539508,0.0
2024-11-08 06:36:15,0.0,-93.11414951397153,125.30580154472969, 0.0,-32.191652030758156,0.0
2024-11-08 06:36:15,0.0,-95.20919545625716,127.99672853372148, 0.0,-32.78753307746427,0.0
2024-11-08 06:36:16,0.0,-95.251004886078,129.70150700395953, 0.0,-34.45050211788156,0.0
2024-11-08 06:36:16,0.0,-93.01544711688436,130.71055819574286, 0.0,-37.69511107885847,0.0
2024-11-08 06:36:16,0.0,-91.6827761112759,130.37452339440085, 0.0,-38.69174728312497,0.0
2024-11-08 06:36:16,0.0,-90.26638441841814,129.23398452736558, 0.0,-38.96760010894742,0.0
2024-11-08 06:36:16,0.0,-87.73529641239409,125.91807906292975, 0.0,-38.18278265053566,0.0
2024-11-08 06:36:16,0.0,-86.9425554618293,124.27565520606498, 0.0,-37.33309974423567,0.0
2024-11-08 06:36:16,0.0,-87.00524949750586,123.46616756202899, 0.0,-36.46091806452314,0.0
2024-11-08 06:36:16,0.0,-88.1924663146225,123.0411614115125, 0.0,-34.84869509689001,0.0
2024-11-08 06:36:16,0.0,-90.07608739418782,123.85840785977291, 0.0,-33.78232046558507,0.0
2024-11-08 06:36:16,0.0,-92.9052979902304,126.11996436963645, 0.0,-33.21466637940606,0.0
2024-11-08 06:36:16,0.0,-95.51858297269143,128.6076046596479, 0.0,-33.08902168695648,0.0
2024-11-08 06:36:16,0.0,-95.0613939612086,129.1456063461881, 0.0,-34.0842123849795,0.0
2024-11-08 06:36:16,0.0,-92.80170586554132,129.60389835282604, 0.0,-36.8021924872847,0.0
2024-11-08 06:36:16,0.0,-90.17193685565898,129.00026717962518, 0.0,-38.82833032396625,0.0
2024-11-08 06:36:16,0.0,-89.08597201157575,127.79469990681075, 0.0,-38.70872789523502,0.0
2024-11-08 06:36:16,0.0,-88.0433271961626,125.5117081893454, 0.0,-37.468380993182826,0.0
2024-11-08 06:36:16,0.0,-88.13763408237676,124.48832703901846, 0.0,-36.3506929566417,0.0
2024-11-08 06:36:16,0.0,-88.59602891381368,124.37709919389538, 0.0,-35.78107028008167,0.0
2024-11-08 06:36:17,0.0,-90.01287497316511,125.1062234719877, 0.0,-35.09334849882263,0.0
2024-11-08 06:36:17,0.0,-90.28293188066512,125.29896312741069, 0.0,-35.016031246745584,0.0
2024-11-08 06:36:18,0.14852581388307495,-90.2827047116499,125.29873709719263, 0.25884224391011407,-35.01630715225907,-0.21198936413159716
2024-11-08 06:36:18,4.322276133804941,-90.09029656775544,125.10696501001595, 7.503654877380986,-35.24857834668604,-6.139572636047141
2024-11-08 06:36:18,7.2080421217633495,-89.74594677796331,124.76211546039208, 12.42973337232883,-35.6573428550742,-10.15322410804778
2024-11-08 06:36:18,8.08409428294581,-89.60684480084886,124.62221560744118, 13.903543477152095,-35.820004093103435,-11.349630113093628
2024-11-08 06:36:18,9.258296632062393,-89.39489287530783,124.40838855708813, 15.859951025210776,-36.06519479160406,-12.933887687708179
2024-11-08 06:36:18,10.365849673363101,-89.16797918481888,124.17858493912016, 17.683532017655587,-36.32420384105578,-14.40608440582324
2024-11-08 06:36:18,10.99502029020497,-89.02730829841317,124.03566435387029, 18.709387159248287,-36.48299431186939,-15.232176111578145
2024-11-08 06:36:19,10.940782375911034,-89.03977243765114,124.04834198468043, 18.621250087210317,-36.46897897315342,-15.161263931247461
2024-11-08 06:36:19,8.170832556313924,-89.59218965120046,124.60745642777644, 14.04882952760989,-35.837060276261255,-11.467438766202218
2024-11-08 06:36:19,5.5195530554700065,-89.9685354682506,124.98526739783989, 9.559208721461072,-35.39412085830386,-7.816800713219375
2024-11-08 06:36:19,4.274099503827033,-90.09457237040046,125.11123380705078, 7.420647478750078,-35.243447207476585,-6.07178253225901
2024-11-08 06:36:19,2.808721866292486,-90.20164868436528,125.21802901337621, 4.886898518767541,-35.11450012448854,-4.000710678254011
2024-11-08 06:36:19,1.7330293079149168,-90.25199708935936,125.26817499337423, 3.0183527192932775,-35.05356624196712,-2.471624139940289
2024-11-08 06:36:19,0.5882611132610017,-90.27936822865207,125.29541723459238, 1.0251185057542411,-35.02035898198251,-0.8395484384655023
2024-11-08 06:36:19,-1.5003692058628806,-90.25974678451088,125.27588954074054, -2.6135455138154686,-35.04416998074812,2.140224181724957
2024-11-08 06:36:19,-3.6932865167005504,-90.14233239525302,125.15889355467766, -6.4183385099648,-35.186039384847234,5.252899488289236
2024-11-08 06:36:19,-5.866870948375618,-89.92762504616692,124.94431932608416, -10.152597175742331,-35.442773343328454,8.300382670121207
2024-11-08 06:36:19,-6.301594630779733,-89.8728664670068,124.88946392409557, -10.893269456590252,-35.50770075118928,8.903574491639596
2024-11-08 06:36:19,-6.002975611704806,-89.91090612127758,124.92757647566646, -10.384739864395128,-35.46262051593184,8.489487429770485
2024-11-08 06:36:19,-4.009195312461863,-90.1172229000218,125.13384182004552, -6.963855460779952,-35.21624263422974,5.698656874229869
2024-11-08 06:36:19,-1.8260813879624893,-90.24858513005458,125.2647781710806, -3.180199456877284,-35.057701674874586,2.6041105835239264
2024-11-08 06:36:19,1.0889857131009604,-90.27071881295021,125.28680998642605, 1.8973622271930952,-35.03085885921999,-1.5538289112200814
2024-11-08 06:36:20,1.3914861818040725,-90.26299023987073,125.27911796981294, 2.4240369381665268,-35.04023602541573,-1.9850682837832856
2024-11-08 06:36:20,1.1493052472744871,-90.26932823652359,125.28542606559111, 2.002401984587928,-35.032546399981825,-1.6398389716844146
2024-11-08 06:36:20,-0.006445214764201679,-90.28293145288609,125.29896270177693, -0.01123240098137801,-35.01603176630316,0.009199241208204922
2024-11-08 06:36:20,-2.1106293443675557,-90.23704344615686,125.25328616179905, -3.6748980232711337,-35.071684050979556,3.00902241406979
2024-11-08 06:36:20,-3.3582322971759493,-90.1667047522598,125.18319915856289, -5.838907287964538,-35.156677119242076,4.77925606502355
2024-11-08 06:36:20,-3.8921740106533393,-90.12676532512543,125.14336361076218, -6.7618762462658015,-35.20477003685896,5.533633305617989
2024-11-08 06:36:20,-4.3653314654041795,-90.08643452569827,125.10310901710906, -7.577820526203518,-35.253211771966676,6.200138262853121
2024-11-08 06:36:20,-4.537359676572817,-90.07061953569738,125.0873160402789, -7.873979132074889,-35.27217384654491,6.441954290081999
2024-11-08 06:36:20,-4.639752717774091,-90.06091444094841,125.07762225916979, -8.050122908078388,-35.28380088037072,6.585750075230377
