time,a1,a2,a3,a4,a5,a6
2024-08-20 06:26:29,0.0,-89.1879358239889,126.43700725264254, 0.0,-37.24907142865366,0.0
2024-08-20 06:26:29,0.0,-89.79736463517192,126.11077913892782, 0.0,-36.31341450375591,0.0
2024-08-20 06:26:30,0.0,-91.42755457969326,125.11595854058002, 0.0,-33.68840396088676,0.0
2024-08-20 06:26:30,0.0,-92.20602423830945,124.5682144989483, 0.0,-32.36219026063888,0.0
2024-08-20 06:26:30,0.0,-92.52686807797514,124.32669950200594, 0.0,-31.799831424030792,0.0
2024-08-20 06:26:30,0.0,-92.43899746854635,124.39381258625521, 0.0,-31.954815117708872,0.0
2024-08-20 06:26:30,0.0,-91.89029422848559,124.79666581623646, 0.0,-32.90637158775086,0.0
2024-08-20 06:26:30,0.0,-91.16414332284329,125.28991847218849, 0.0,-34.12577514934519,0.0
2024-08-20 06:26:31,0.0,-90.0232143166166,125.98397344153483, 0.0,-35.96075912491824,0.0
2024-08-20 06:26:31,0.0,-88.59204998008995,126.7348243376876, 0.0,-38.14277435759762,0.0
2024-08-20 06:26:31,0.0,-88.08806483160849,126.9714842614961, 0.0,-38.88341942988761,0.0
2024-08-20 06:26:31,0.0,-88.14552379835806,126.94517900999227, 0.0,-38.799655211634224,0.0
2024-08-20 06:26:31,0.0,-88.3622346404416,126.84441489051655, 0.0,-38.48218025007497,0.0
2024-08-20 06:26:31,0.0,-89.53779361163157,126.25251180833364, 0.0,-36.71471819670206,0.0
2024-08-20 06:26:31,0.0,-89.64464211334212,126.19467988417053, 0.0,-36.550037770828425,0.0
2024-08-20 06:29:55,-0.3190116810078371,-91.95729455836651,126.91354603958357, -0.5567754426533198,-34.957521855602145,0.45632509541276844
2024-08-20 06:29:55,-0.008638870902082096,-92.77291583072792,127.45151209658995, -0.015183287253465183,-34.67859720716705,0.012486077147759567
2024-08-20 06:29:55,-0.13364807867635115,-93.60635487370398,127.90254703695173, -0.23718616051158364,-34.29642069738194,0.19594778753882677
2024-08-20 06:29:55,-0.46173351870534474,-94.09987381778363,127.6568231392694, -0.8352741920674636,-33.559754053648234,0.6960571974426335
2024-08-20 06:29:55,-0.43892933334888035,-94.67689331549056,127.41831193439822, -0.8115185082583564,-32.74403319564501,0.6825777934206085
2024-08-20 06:29:55,-0.31055001508291685,-95.07005913911111,127.0810646365458, -0.5858379386595172,-32.012351749623924,0.49675667585466604
2024-08-20 06:29:55,-0.07927530185642173,-95.36486481889237,126.7298497117205, -0.1523093331203249,-31.36507486395872,0.13005218285056253
2024-08-20 06:29:56,-0.26361249816580745,-95.22374852676208,126.08781074692232, -0.5138514178114978,-30.865076914787583,0.4410817420768427
2024-08-20 06:29:56,-0.4436954194979428,-95.08328121844605,125.42709864085371, -0.8782270082719585,-30.346752089372433,0.7579106382232642
2024-08-20 06:29:56,-0.355179670111728,-95.59811062571907,124.37460795150784, -0.7377833137974119,-28.778501712577818,0.6466660472945785
2024-08-20 06:29:56,-0.6001182607353697,-96.37381665621955,122.96285894756772, -1.3405868517742587,-26.59532063471989,1.198784273419842
2024-08-20 06:29:56,-0.6895898922540399,-96.5365047448989,122.51066993922977, -1.5742087649417034,-25.982681927978145,1.4151663230243745
2024-08-20 06:29:56,-0.5360929157449007,-96.6771625465876,122.04465718225424, -1.2511556820211638,-25.37278366042637,1.130500872596138
2024-08-20 06:29:57,-0.6820604035957845,-96.63320629645823,121.48275467870747, -1.6226803460643542,-24.858312892004744,1.4724087494001596
2024-08-20 06:29:57,-0.5762962444299794,-96.15522607718958,121.68419655470863, -1.3370177080874834,-25.535038206114667,1.2064609722224842
2024-08-20 06:29:57,-0.4241866700210512,-95.79081246998491,122.08429495870382, -0.9575268843847804,-26.296660311241588,0.8584502709308983
2024-08-20 06:29:57,-0.4550142403405711,-94.99190544267307,122.6692115384667, -0.9795220194942333,-27.68075054064296,0.8674337128753848
2024-08-20 06:29:57,-0.36081010535046454,-94.92487405298232,123.18872145763389, -0.7619193370438824,-28.26596042762825,0.6710760739945228
2024-08-20 06:29:57,-0.25229749987971767,-94.483902407095,123.4128541181477, -0.521561466139291,-28.92995675430016,0.4564796614533403
2024-08-20 06:29:58,0.23030992364669706,-93.0025422402855,124.86568004077292, 0.4362761737483127,-31.863882514367,-0.3705333700370988
2024-08-20 06:29:58,-0.21861151512133414,-89.34113740372375,123.9024669461022, -0.3853585072384194,-34.561934966601264,0.31734944977603624
2024-08-20 06:29:58,-0.25805861105923117,-84.6885777491881,120.69708519815705, -0.43894021076159195,-36.00930706692306,0.35507057663949626
2024-08-20 06:29:58,0.43393712271736823,-83.33910573100154,118.88586329845154, 0.7463801149194728,-35.54905725714684,-0.6072799196298072
2024-08-20 06:29:59,0.38290960608248553,-82.77527920821764,118.04017015570774, 0.6631909415304077,-35.26670035137762,-0.5414857557644805
2024-08-20 06:29:59,0.39580462323023713,-81.45416880329407,116.55017919052223, 0.6883956113100396,-35.09795584646086,-0.5632337563065151
2024-08-20 06:29:59,0.4357376000166632,-80.07233741897193,115.100927615383, 0.7591146384930612,-35.03095390884029,-0.6216069720415516
2024-08-20 06:29:59,0.3342364268696844,-79.6699893561097,114.35138550540351, 0.5873833749126137,-34.68280501521863,-0.4830195509364971
2024-08-20 06:29:59,0.03961844676393346,-78.68450035935552,112.24493927459514, 0.07166654050021842,-33.56045956258866,-0.059719948691371816
2024-08-20 06:29:59,0.29525091211207116,-78.77131238352364,111.83677833746323, 0.5411407654036913,-33.06663442759618,-0.45349977651963486
2024-08-20 06:30:00,0.20845744610967162,-79.15588754740844,111.63097450649516, 0.38823323985789504,-32.47568276888542,-0.3275225412225948
2024-08-20 06:30:00,0.30700490050570334,-79.80478060921618,112.41085533129099, 0.5697169251570008,-32.60736050963929,-0.47992454634756626
2024-08-20 06:30:00,0.7559844579083228,-80.90194467793336,113.88335359163557, 1.3885494229445559,-32.989093369572885,-1.1647470666282698
2024-08-20 06:30:00,1.1054622073981544,-82.03032448969046,115.32771113958228, 2.01306965013747,-33.313619209871334,-1.682484475100447
2024-08-20 06:30:00,1.4834030526556037,-83.75467976245328,117.64917095504654, 2.6587084934685157,-33.92306178707799,-2.2066568319709914
2024-08-20 06:30:01,2.7183628129948403,-86.16800449844062,120.15246892870876, 4.855178278334214,-34.07998806452872,-4.024353034707573
2024-08-20 06:30:01,4.895318130678403,-87.63597450803229,121.8659618651039, 8.657284336994723,-34.535975189348875,-7.14905487067114
2024-08-20 06:30:01,7.946133269076508,-88.15919531369815,122.22782561730399, 13.991554401404636,-34.873784374520156,-11.553431093414785
2024-08-20 06:30:01,9.51047526825372,-88.17043322318557,122.29669825573266, 16.626603005204885,-35.27145023010493,-13.701410899646003
2024-08-20 06:30:01,10.12012485424726,-88.20814685409118,122.39480587911075, 17.62290746233194,-35.477718951326594,-14.503494792089294
2024-08-20 06:30:02,9.677438559884818,-88.65595097466641,122.95006910743415, 16.83866211292826,-35.47194896367869,-13.846351914030425
2024-08-20 06:30:02,8.825607674511868,-89.35580116811786,124.10637654764479, 15.23733604466593,-35.71674924602569,-12.470802362433336
2024-08-20 06:30:02,7.839423019421555,-89.7322453576848,125.05154288249686, 13.395631265781084,-36.06814866508863,-10.896329683402914
2024-08-20 06:30:02,6.9522314047904885,-89.63044560383045,125.88065525538238, 11.651994302083658,-36.820881680877534,-9.373786637161391
2024-08-20 06:30:02,6.621395809590499,-89.59485966743462,126.36143989047017, 10.975536811990349,-37.27505380237473,-8.772855180721532
2024-08-20 06:30:03,6.537627768739236,-89.15437251304733,126.58974272457, 10.676646719704038,-37.919393395119286,-8.459402751437768
2024-08-20 06:30:03,6.846606300526082,-88.64836986354702,126.89599841791033, 10.976320491428812,-38.763025107824255,-8.59979488029411
2024-08-20 06:30:03,6.548004866189853,-87.02143427952012,126.33261783566604, 10.269543603695109,-39.76545247875543,-7.9285194810358925
2024-08-20 06:30:03,7.219428962844958,-84.51374584094856,125.4218247606136, 10.94809570426327,-41.42957827919739,-8.252389742743114
2024-08-20 06:30:03,6.602077056513696,-82.95197989548149,124.34384921357481, 9.92874576912963,-41.82114227777103,-7.432195747731118
2024-08-20 06:30:03,6.416248911620665,-81.99704107698196,123.77660469306994, 9.580318396343321,-42.17968298648129,-7.129313736513898
2024-08-20 06:30:04,3.836952578903174,-80.217125338702,121.9568837564604, 5.752591327061553,-41.8834990882794,-4.289244994204066
2024-08-20 06:30:04,0.567574173298609,-78.83907449164404,120.2256864462699, 0.8584463348639728,-41.38980201710782,-0.6440521997525113
2024-08-20 06:30:04,-3.3507473394955256,-79.31327688519909,121.68841048274938, -4.964781222457248,-42.482386726756,3.6656337763572377
2024-08-20 06:30:04,-5.0579645854732,-79.9554660515322,122.3015878936607, -7.485454638264434,-42.59034877937568,5.525252818933032
2024-08-20 06:30:05,-5.689043503517833,-80.44112934937898,123.2943269430585, -8.333077600186389,-43.156523265291355,6.098965658078643
2024-08-20 06:30:05,-6.128650503795422,-80.85965106101172,123.83177571751652, -8.951892822281755,-43.322481372989124,6.537529733527421
2024-08-20 06:30:05,-6.486322198188484,-81.49733036388244,124.27687990525203, -9.50313024118525,-43.174429291871384,6.960204268783689
2024-08-20 06:30:05,-6.364634633843434,-82.10155349822527,124.9256513569851, -9.318854798659283,-43.203778865207845,6.820863764824062
2024-08-20 06:30:05,-6.19417195226372,-82.71975332708,125.70536052918048, -9.044510028573182,-43.34329532342007,6.603450471022165
2024-08-20 06:30:05,-5.98968733878563,-83.33122802184876,126.30048949562236, -8.75107394652411,-43.30400644507491,6.3917132180555
2024-08-20 06:30:06,-5.4092559384973775,-83.34067365247908,126.26802895256282, -7.915225592213648,-43.200968003145704,5.787086867909736
2024-08-20 06:30:06,-4.301391252629298,-84.33301905418158,127.13757173549988, -6.3164391178290735,-42.97851920049074,4.629874711616626
2024-08-20 06:30:06,-3.3803409653432865,-86.75309335124528,127.82552896011723, -5.13718407561158,-41.186690386318965,3.870574470438576
2024-08-20 06:30:06,-3.0291386429469735,-90.54540576883016,129.21653643019857, -4.840761160609022,-38.77104916323501,3.7776434192831507
2024-08-20 06:30:06,-2.4836629866091684,-93.22401595476217,129.79592866548649, -4.163668058076457,-36.64439739665157,3.3428358530221822
2024-08-20 06:30:07,-2.9515311062520273,-95.85327103998057,131.02614329877485, -5.114690134256174,-35.28058195746686,4.178992160467212
2024-08-20 06:30:07,-3.6769140459688465,-97.38794206309325,131.36633388072073, -6.559313615052735,-34.152994580896205,5.435576610767644
2024-08-20 06:30:07,-3.812230894172732,-99.01185217280846,131.71791636988507, -7.0303170354407065,-32.90296948800302,5.9113341122461165
2024-08-20 06:30:07,-3.6116143326747023,-99.84612685707476,132.07642376828215, -6.749487912056901,-32.41033321370589,5.70569771720588
2024-08-20 06:30:07,-3.504676913355772,-100.69464294155404,132.37371385206293, -6.651819145740567,-31.852285659422304,5.657197912937343
2024-08-20 06:30:07,-3.4536584466266587,-101.60287463961141,132.88984695086108, -6.628619228647125,-31.457786283250922,5.661244329568807
2024-08-20 06:30:08,-3.3409491401569196,-102.5737861365879,133.35877258540177, -6.506903694701013,-30.948048873807316,5.5868829665734365
2024-08-20 06:30:08,-2.776846491145487,-104.68765477535224,134.63345333053942, -5.549748185363973,-30.062374810021083,4.806966976774921
2024-08-20 06:30:08,-2.6077497478365186,-105.63760006348123,135.11431852054963, -5.288147276497559,-29.581521075932876,4.602040327998496
2024-08-20 06:30:09,-2.127005393121394,-106.28004311311429,135.18643443368651, -4.393665607383265,-28.97780279798691,3.845379174307257
2024-08-20 06:30:09,-1.6670569978693073,-105.83868122724944,134.6794356241876, -3.452712402829503,-28.88476067076558,3.0240246418243526
2024-08-20 06:30:09,-1.5785874612869841,-104.9180164245065,133.97116191499003, -3.247998558289935,-29.092264601750117,2.8389427631618545
2024-08-20 06:30:09,-1.467684109563931,-103.13608139060048,132.62217274214538, -2.9797743092072606,-29.519316747990686,2.593536156073607
2024-08-20 06:30:09,-1.1662976169133892,-100.13910053481077,130.60711445076163, -2.2992127530224002,-30.488184911469393,1.9815830936814924
2024-08-20 06:30:09,-0.5131066981230143,-96.60745709163062,128.39210761520872, -0.974071799114999,-31.788358072527913,0.827982918625132
2024-08-20 06:30:10,0.007713878459493728,-94.01162975905558,127.25592253422232, 0.01407103010542754,-33.24429356735669,-0.011768176076893178
2024-08-20 06:30:10,-0.12227163654807213,-92.26162845105077,126.66341035220381, -0.21641208539826648,-34.40197242934104,0.17856059476697048
2024-08-20 06:30:10,-0.5411890535864493,-89.1788262414452,126.95771083775549, -0.8833632011918839,-37.782182015991395,0.6981829634527348
2024-08-20 06:30:10,-0.6437677974526713,-88.38388991393083,126.56574837389778, -1.04135576424176,-38.18645710836408,0.8185432465710955
2024-08-20 06:30:11,-0.9972474247148551,-87.64089167704668,126.29854053507398, -1.5961981557008023,-38.668496477311706,1.2463960078739842
2024-08-20 06:30:18,-0.18501692974747264,-88.14372431881202,126.99961046833755, -0.2949101862538748,-38.85625694439902,0.22965395050179116
2024-08-20 06:30:18,-0.30848504929100434,-89.1718046589713,126.09867279016305, -0.5134524909983833,-36.927973095744065,0.41045348432213435
2024-08-20 06:30:18,-0.07744678841577272,-90.28550001188403,125.08239586885105, -0.13571208533117948,-34.79697117653334,0.11144403363601414
2024-08-20 06:30:18,1.7798672499555197,-90.41910911045117,124.06072385731028, 3.2104475380534323,-33.68313295441016,-2.672329245108592
2024-08-20 06:30:19,4.762816857814109,-89.33409835229402,122.93503892322741, 8.561955033806523,-33.89755637046773,-7.123180155588294
2024-08-20 06:30:19,7.355413846644518,-87.34205613896091,122.20997905269685, 12.723933682011879,-35.538959278394145,-10.411234358042634
2024-08-20 06:30:19,8.756953118201455,-86.08680233659754,122.46346911782231, 14.559309923318903,-37.27385067567158,-11.677140024061636
2024-08-20 06:30:19,8.970711838847835,-85.57287888739178,122.497832826848, 14.722468493223644,-37.847681239554184,-11.721994118883737
2024-08-20 06:30:19,9.212201992054187,-85.15582558972379,122.74504920500074, 14.889104447334786,-38.53901233911519,-11.74799732893745
2024-08-20 06:30:19,9.328103205637564,-84.6746599207966,122.94055299526605, 14.854531782997572,-39.216479324434914,-11.612076711081945
2024-08-20 06:30:19,9.442760795307322,-83.72902207483291,123.28822658360335, 14.63556575780676,-40.48991237668136,-11.233052733340022
2024-08-20 06:30:20,9.562503622498788,-83.28141753462656,123.4648672135983, 14.632642094464588,-41.117124804999385,-11.127780115205773
2024-08-20 06:30:20,9.584015598882512,-82.7893957905362,123.62171698777695, 14.479786599913426,-41.749280292322666,-10.90526433164183
2024-08-20 06:30:20,9.766345726159692,-82.4605642198226,123.9171461017382, 14.573531329147709,-42.38802367271764,-10.869940243675686
2024-08-20 06:30:20,10.006799004766348,-81.97580692150423,124.01517149547988, 14.761807289242487,-42.99723877932204,-10.908261613829369
2024-08-20 06:30:20,10.008677755523598,-81.27974568819978,123.86902576364433, 14.616334886955377,-43.52953389507709,-10.706760181370335
2024-08-20 06:30:20,9.741127262472524,-80.61537589276142,123.4800271533278, 14.163386539659353,-43.74742210498913,-10.331730467426752
2024-08-20 06:30:21,9.898649424972891,-79.95555427763533,123.31157049194336, 14.26155219137893,-44.25198100130413,-10.318542347966847
2024-08-20 06:30:21,10.24887799911063,-80.07349545707825,123.77769508132916, 14.664749357101027,-44.652547756182734,-10.545457320276801
2024-08-20 06:30:21,9.689936474342158,-80.54134481585713,123.86961148994821, 13.973987387046119,-44.18804551318406,-10.117174406122524
2024-08-20 06:30:22,9.02346207805218,-81.1426963703068,123.81793869419693, 13.185402492102567,-43.438836501557546,-9.654288607340774
2024-08-20 06:30:24,9.410473500326123,-81.63513583109818,124.85544051697312, 13.605127886614609,-44.03469645211737,-9.870249190095457
2024-08-20 06:30:24,9.779724967301103,-83.7776216993885,125.92402457137607, 14.406012523219466,-43.058399800059426,-10.629776576572155
2024-08-20 06:30:25,8.37754764195665,-88.30817940639537,124.99098655880525, 13.848387237359312,-37.495826591900645,-11.066648540897901
2024-08-20 06:30:25,6.19100255928469,-92.17835603997747,123.28107006484038, 11.859286452107497,-31.652228804522704,-10.134843829049302
2024-08-20 06:30:26,1.4243779453377492,-93.10790017740257,120.55414816786372, 3.0879617351546,-27.480315919373467,-2.740109887483829
2024-08-20 06:30:26,-1.9534358369255895,-91.83876472514143,119.83898346950609, -4.1552077463210715,-28.0627762840936,3.668113279253376
2024-08-20 06:30:26,-3.3030523027925374,-89.70464202402886,120.7503214945113, -6.38526177500783,-31.20344374604609,5.467591635479174
2024-08-20 06:30:26,-3.7367534225490546,-88.10037787652752,121.08503095565908, -6.8408594289297096,-33.171862888700105,5.734169075513986
2024-08-20 06:30:27,-3.2762858651108626,-86.5553860323939,121.40319415060782, -5.720970399183146,-34.98208263186976,4.692490681671314
2024-08-20 06:30:27,-2.870236175487838,-85.42957047180909,121.64297294605487, -4.850711225651008,-36.311447664111085,3.9120265401160133
2024-08-20 06:30:27,-2.5589536548415523,-85.157700598113,121.95315380530838, -4.267263066486243,-36.87177145408282,3.415999404220374
2024-08-20 06:30:27,-2.137622754499329,-84.50255867802619,122.48057427275188, -3.4711408954579808,-38.029059644700055,2.7354818211599756
2024-08-20 06:30:27,-1.7758142948773377,-84.3333410157067,122.80405326252834, -2.8530353598361895,-38.505329545764,2.2333588534427813
2024-08-20 06:30:27,-2.1545876537498425,-84.72941425936703,122.7886732563784, -3.49232268103585,-38.110964756711184,2.7491149619270177
2024-08-20 06:30:28,-2.7566187500255053,-84.23382119836178,121.82202472301425, -4.513312119351971,-37.674249293789416,3.5750391691103873
2024-08-20 06:30:30,-2.3070552990166666,-84.70407201889354,123.31057248672566, -3.6942636951217196,-38.66462607407007,2.886101696938181
2024-08-20 06:30:31,-2.4584708225811953,-86.42249046503584,124.22835522634293, -4.006554838841846,-37.873785935309826,3.1645775280779675
2024-08-20 06:30:31,-3.3413243527971366,-89.92901524214297,124.87786427610135, -5.819387899609641,-35.08797457465627,4.767243266305912
2024-08-20 06:30:31,-3.6654642701258533,-92.75748814265395,125.93206342532883, -6.677438727643757,-33.3534347147422,5.585262390664673
2024-08-20 06:30:31,-3.8813516299571904,-95.10927441535593,126.0201110276327, -7.523660765539392,-31.129624890124035,6.450139161177618
2024-08-20 06:30:31,-4.159390468394888,-96.04854980548258,125.50609673063656, -8.411780040575662,-29.723646841498514,7.3179042832517895
2024-08-20 06:30:32,-5.331593495246716,-97.91868854459793,126.37098847139949, -11.082874635062783,-28.906436155956513,9.730271234800554
2024-08-20 06:30:32,-7.441675069818932,-99.05344971843526,126.66711352838223, -15.737911407633439,-28.522495873326733,13.9067004817283
2024-08-20 06:30:32,-8.820461710229642,-100.68483250685111,127.66160075557502, -18.884385662097205,-28.279003306999442,16.764724785817833
2024-08-20 06:30:32,-9.345552995864596,-101.51850232517967,129.0308519264047, -19.609179395426764,-28.938540661198857,17.31648954946605
2024-08-20 06:30:33,-9.88364368112868,-101.85074406742874,130.34000055565014, -20.065965377521096,-30.018701045125,17.550989317303085
2024-08-20 06:30:33,-10.229302389720553,-102.09817090029081,130.97673221172022, -20.488241352857898,-30.488971090644068,17.84777505680943
2024-08-20 06:30:33,-10.578411646658022,-102.48899477661658,131.57571103448294, -21.01500265368028,-30.79182789748757,18.26340392732588
2024-08-20 06:30:33,-10.912396204142109,-102.05875878628902,131.76046128356916, -21.261114345864147,-31.47036840919534,18.35941322009482
2024-08-20 06:30:33,-11.169861632768908,-101.21542230707898,131.6672327376656, -21.286301913231796,-32.25019871830319,18.237148263992466
2024-08-20 06:30:33,-11.38399103672744,-100.50991799593675,131.72431035808023, -21.23188377508095,-33.0275547050988,18.042196214431648
2024-08-20 06:30:33,-11.430361260478406,-99.86951610501347,131.8649187386424, -20.886444013682155,-33.770597236336684,17.599326560945546
2024-08-20 06:30:34,-11.441723873380447,-99.3728572207277,132.12482084335863, -20.511192345653978,-34.48172033824263,17.13867685942319
2024-08-20 06:30:34,-11.231468527117588,-98.38713898738607,132.6368246896859, -19.43466849162264,-35.82953243959431,15.964023584388453
2024-08-20 06:30:34,-11.089945381194918,-97.86465344673442,132.95826179726055, -18.82618882197827,-36.58871554611434,15.309695526192872
2024-08-20 06:30:34,-10.952661479168418,-96.78355477478803,133.44715796543323, -17.95731983362581,-38.04346686278534,14.31846018284136
2024-08-20 06:30:34,-10.885146354582771,-96.3278509067606,133.80372194644224, -17.53977126243416,-38.800657320982204,13.837460478174954
2024-08-20 06:30:34,-10.727354909933334,-95.91942106553893,134.14475257856353, -17.023188399485683,-39.47927782771612,13.296270190223634
2024-08-20 06:30:34,-10.541493820148963,-95.48636001739813,134.43069909971103, -16.491515192226004,-40.12586910077558,12.755113140697858
2024-08-20 06:30:34,-10.101227976594808,-94.86510309941183,134.02824881905877, -15.753291219094422,-40.241130628337345,12.151916165796202
2024-08-20 06:30:35,-9.802210186183142,-94.0504298850383,133.52564677747736, -15.203507246615777,-40.48014838888035,11.679055754951834
2024-08-20 06:30:35,-9.170606089270631,-92.08461219396693,132.3475163148107, -14.024916987886243,-41.120052739147866,10.657017211379259
2024-08-20 06:30:35,-8.808649814624863,-91.25952740415127,132.01512568562225, -13.353135635756368,-41.533628482763525,10.075546828078034
2024-08-20 06:30:35,-7.60095308389514,-88.82829465032422,130.50948228054273, -11.347074986519413,-42.24351812084238,8.449946158423758
2024-08-20 06:30:35,-6.848781436395415,-86.89846435844468,128.35930345335888, -10.281649867506214,-41.92149818649823,7.686907577416239
2024-08-20 06:30:36,-4.891316606797638,-82.74471554916938,124.36936146372167, -7.34119495232963,-41.8589212662324,5.480987590078831
2024-08-20 06:30:36,-4.3011534266222515,-81.62146751241006,123.29694947883004, -6.453516060833721,-41.85643115245385,4.815760601676844
2024-08-20 06:30:36,-3.133492587119468,-80.014867082846,122.05178297060442, -4.673859823987337,-42.13184461953527,3.469610518608068
2024-08-20 06:30:36,-2.9719978308740695,-79.20311099417174,121.72486074867408, -4.392613666569782,-42.60571833357898,3.2359973971751246
2024-08-20 06:30:36,-2.8888864943625285,-78.32369433241995,121.4079827158731, -4.225158805420578,-43.16208570916905,3.0845367989056527
2024-08-20 06:30:36,-2.6978014641510337,-77.58236455566744,121.23610882818565, -3.904999461190035,-43.72026231321443,2.824320244678455
2024-08-20 06:30:36,-2.5846037125378496,-76.92484907159101,121.19747059656612, -3.6998445124907477,-44.332374228840536,2.6482884274250944
2024-08-20 06:30:37,-2.5109502619736457,-76.72103678231858,121.61226232142023, -3.555489189088342,-44.9464197106659,2.5180731628702206
2024-08-20 06:30:37,-2.5083889435895563,-75.92276931010187,121.03719959132515, -3.5380935690656603,-45.16908489452875,2.496011283641845
2024-08-20 06:30:37,-2.2974949981302406,-75.30387519924128,120.30842522937353, -3.247152063832446,-45.05058151703418,2.295285940541083
2024-08-20 06:30:37,-2.2406307056911197,-74.85413554807607,119.57900354199406, -3.182404130997104,-44.769079415946926,2.260503370812291
2024-08-20 06:30:37,-1.7012303870737537,-74.64160473856737,118.3445595929562, -2.461477746913821,-43.72937325839864,1.7792184444277908
2024-08-20 06:30:37,-0.7140637773777301,-74.1967298480053,117.62480217708512, -1.038663700122112,-43.43277277342874,0.7542974623602228
2024-08-20 06:30:38,-0.2710863174174363,-73.76435980488804,116.25594775867964, -0.401319243290338,-42.49228801242005,0.29592228199943693
2024-08-20 06:30:38,1.2936727064543216,-73.52697423882574,114.9120358599834, 1.9563725220827197,-41.401632823456815,-1.467709259597559
2024-08-20 06:30:38,1.1325810908695515,-73.3469461914782,113.52587030774873, 1.7551382794196457,-40.19217808821215,-1.3408969588324737
2024-08-20 06:30:38,1.4309082267998139,-73.55939751211227,113.15968013760019, 2.244134733343878,-39.621874821052955,-1.7289487797672403
2024-08-20 06:30:38,1.6537214402282712,-73.4629314634699,112.543721634623, 2.6221207972913465,-39.110165581006584,-2.0351592531503955
2024-08-20 06:30:38,1.8696036475153852,-73.53878459197756,112.0856130168291, 2.9985517163384876,-38.58509259969242,-2.3447486556485906
2024-08-20 06:30:38,2.3065345050444113,-73.8889918453503,112.30739039049703, 3.708657225759375,-38.476890227110275,-2.9049262962170803
2024-08-20 06:30:39,3.352378058074823,-74.26956371343448,112.75722515757568, 5.376992439667203,-38.61081017714626,-4.206401319079066
2024-08-20 06:30:39,3.847168582927287,-74.49493537829284,113.11637833831803, 6.149195831751677,-38.78277060802627,-4.800683852022028
2024-08-20 06:30:39,4.281184913835077,-74.21262686189831,113.03808801636681, 6.80908927908816,-39.023695637535226,-5.299761732807501
2024-08-20 06:30:39,5.209766233391868,-73.45591457900235,112.48451253207186, 8.238918469275356,-39.319679908324815,-6.391467073080662
2024-08-20 06:30:39,5.648180397176917,-73.26566200091159,112.39192993280429, 8.907357234152155,-39.466994079980175,-6.8988034755094265
2024-08-20 06:30:39,6.124537911684694,-73.3088361251329,112.36766518629453, 9.664154234662531,-39.46009583763836,-7.489992546892935
2024-08-20 06:30:39,6.578349414489729,-73.01732267674258,112.09812015710489, 10.366418441106767,-39.54300403529373,-8.029437362412748
2024-08-20 06:30:40,6.25229455973349,-73.18964305411843,112.65054868456559, 9.780698279980252,-39.87310253892315,-7.536362063340066
2024-08-20 06:30:40,5.580788357559683,-73.34499331445699,112.60419980072896, 8.777461851963839,-39.59032394703544,-6.785608286601276
2024-08-20 06:30:40,3.467253351758816,-74.14861037731197,112.61841273092995, 5.562716794695529,-38.60160461130127,-4.3525984131895346
2024-08-20 06:30:40,1.4494085727249861,-75.5163745739386,113.24571224284665, 2.3677340929498563,-37.753024876218916,-1.8724656226993552
2024-08-20 06:30:41,-1.1039969751899963,-76.27606995484742,114.17372954639188, -1.796933265521611,-37.911320922978845,1.417888802998576
2024-08-20 06:30:41,-3.931762357639417,-76.36602463214986,114.87401080892309, -6.299256125041656,-38.67715393976161,4.925442451790417
2024-08-20 06:30:41,-4.537362565422696,-73.82564510560097,115.19671983773037, -6.846696628652465,-41.57455149567218,5.1327108402990795
2024-08-20 06:30:41,-4.993087231730448,-70.04774016178207,114.40259156008773, -7.1233681477048645,-44.57679036734879,5.086946827264121
2024-08-20 06:30:42,-5.270364514435383,-68.12691069683164,114.1367730796471, -7.3063199225481394,-46.24323946687592,5.067353394522156
2024-08-20 06:30:42,-5.7925111838443515,-67.00366807384869,114.0150496085466, -7.895522429451271,-47.28348590087002,5.3744415709305695
2024-08-20 06:30:42,-5.865542772730503,-66.77019653925237,114.40140686924626, -7.91613484863303,-47.90423296532343,5.325391786544718
2024-08-20 06:30:42,-6.110096820800966,-66.19066423494084,114.15780828122708, -8.2010515505847,-48.25987801021274,5.480692187344532
2024-08-20 06:30:42,-6.600868418496532,-66.14192369174414,114.35209818945468, -8.822152895024848,-48.54875246453658,5.866123265583739
2024-08-20 06:30:42,-7.013223899403118,-66.2347094197773,114.64774741040709, -9.340092938781948,-48.79235833700381,6.184121769837735
2024-08-20 06:30:42,-7.329615405284065,-66.35032505758201,115.14750500330916, -9.701573332955064,-49.20581321466812,6.373324591146959
2024-08-20 06:30:42,-7.507690530563462,-66.54025525446862,115.79008454522206, -9.868666853703298,-49.6717230001274,6.4235340761969395
2024-08-20 06:30:43,-8.45881445138536,-67.91225150537143,118.03213449004387, -10.967703372983815,-50.63869610211575,7.006893011952352
2024-08-20 06:30:43,-8.618882405218228,-70.21318501943057,120.65886620554716, -11.121791031312098,-50.97805457794913,7.055889254063209
2024-08-20 06:30:43,-8.851911252486842,-73.05715551531262,124.08528718828313, -11.327297849704385,-51.578070607747854,7.095985586397513
2024-08-20 06:30:43,-9.774173408079792,-76.19456271750832,128.6798482371081, -12.253164578072033,-53.12109675563764,7.425773969781096
2024-08-20 06:30:44,-10.82337036708976,-79.10022596603446,132.4715942247475, -13.399721078715615,-54.12545299897613,7.947403573752807
2024-08-20 06:30:44,-11.182738543895747,-79.83295606455488,134.443245706298, -13.630998513306988,-55.379438276487576,7.844412064763185
2024-08-20 06:30:44,-11.229527196178337,-80.9050722865486,136.11920814552207, -13.590112334105395,-55.97265650623024,7.704005073496905
2024-08-20 06:30:44,-11.047569194068021,-81.47680989289543,136.8193415452046, -13.35247317905232,-56.073375513012195,7.546394099493097
2024-08-20 06:30:44,-10.785449848341477,-81.02395423216196,136.17904219891997, -13.067795124444105,-55.85674819279507,7.422557661884708
2024-08-20 06:30:44,-10.41739414555562,-81.13388397924611,135.5098047153678, -12.744476585073297,-55.049840831301495,7.382556750955686
2024-08-20 06:30:45,-9.926041897688286,-81.49490322224791,134.1994895786205, -12.406147653638346,-53.355038433401205,7.479817120975758
2024-08-20 06:30:45,-9.626013832397522,-81.69540091688013,133.5093110209766, -12.176575512277628,-52.44568607106095,7.492571858082559
2024-08-20 06:30:45,-8.29597574844744,-84.01146908510874,131.53242953931326, -11.183457213061184,-48.0675618935519,7.526177521570706
2024-08-20 06:30:45,-3.162029642512092,-89.59950172101081,128.37812485624724, -5.0407275683260115,-38.887071404536954,3.9276166042563334
2024-08-20 06:30:46,-0.999049468331707,-86.44619679225558,126.11275035745368, -1.5648961426117407,-39.677055931487075,1.204552677254083
2024-08-20 06:30:46,-0.716290466938784,-85.90972870849258,126.11333989535501, -1.1095767157045369,-40.20890843603471,0.8474230750151762
2024-08-20 06:30:46,-1.2788648073566065,-86.19284579213803,125.59557729821279, -2.0142029511611983,-39.42010138075287,1.556252089685555
2024-08-20 06:31:08,-0.9140595637232232,-86.9412970550448,126.97952579472411, -1.4207240255621456,-40.04690526988979,1.08768204951596
2024-08-20 06:31:08,-0.7663099064667247,-87.6828417451415,127.92162874710657, -1.1861861298593401,-40.244842306563015,0.9054587504563183
2024-08-20 06:31:08,-0.9140595637232232,-86.9412970550448,126.97952579472411, -1.4207240255621454,-40.04690526988979,1.08768204951596
2024-08-20 06:31:08,-0.7663099064667247,-87.6828417451415,127.92162874710657, -1.1861861298593401,-40.244842306563015,0.9054587504563183
2024-08-20 06:31:08,-0.6247908151308618,-88.48160123788732,128.0511657772449, -0.9807538971613905,-39.57368660498293,0.7560008589247227
2024-08-20 06:31:08,-0.8248222036145949,-88.96162174520774,127.68041643345745, -1.318521791399996,-38.72619958837043,1.0287084878673542
2024-08-20 06:31:08,-1.0661530934248868,-89.38819153866311,127.46351496149737, -1.7284871736187586,-38.08798321147636,1.3605878012688308
2024-08-20 06:31:08,-1.1474635912474682,-89.98542953646931,127.1038333665065, -1.9010174564246456,-37.133583211161664,1.515751252917539
2024-08-20 06:31:08,-1.2238322405253792,-90.60610959499634,126.7976315509263, -2.0719953429437616,-36.20938154879457,1.6720719420397083
2024-08-20 06:31:08,-1.3386159665621622,-91.20253224951662,126.70501064480881, -2.304201410236424,-35.524392083710474,1.8756576470934396
2024-08-20 06:31:08,-1.4828822067762357,-91.70082266284678,126.53015266119402, -2.5951866647477297,-34.85689867354651,2.1300392845226472
2024-08-20 06:31:08,-1.6263470024786033,-92.31015277737455,126.26437494078145, -2.910110113535178,-33.98848419802595,2.4135660503375047
2024-08-20 06:31:08,-1.505244851004373,-92.95195521829463,126.09657706228415, -2.7515720872420943,-33.17488724976993,2.3036075912624043
2024-08-20 06:31:08,-1.4727117422428944,-93.26651862694969,125.71771141245583, -2.7431283909908823,-32.48094443692221,2.3145309325095376
2024-08-20 06:31:08,-1.5140798616125761,-93.86352136369821,125.44912594761524, -2.8889461065782625,-31.6181241383067,2.460687190492036
2024-08-20 06:31:08,-1.5444663945024968,-94.45832292846812,125.05888571318407, -3.031919758645498,-30.635740109977043,2.6093697405157084
2024-08-20 06:31:08,-1.4927622695941163,-94.93542474426532,124.75940837895156, -2.999445900802777,-29.857885792252453,2.6018971104533897
2024-08-20 06:31:08,-1.4263609331289877,-95.59972365717425,124.54844665013, -2.9448772425170406,-28.980802616630076,2.5766583467341424
2024-08-20 06:31:08,-1.2661813599033136,-96.3501742430911,124.72142731132593, -2.663133842498142,-28.39714748261276,2.3430664654118463
2024-08-20 06:31:09,-1.3493570450961296,-97.13891460865575,125.06194877816257, -2.879592236683521,-27.952998264684638,2.544107670945909
2024-08-20 06:31:09,-1.446007057511795,-97.77559895499066,125.86846718585005, -3.068432362474454,-28.127030915013922,2.7066393230447305
2024-08-20 06:31:09,-1.6709043895472493,-98.37012959706286,126.79320280302312, -3.5070715900436937,-28.46805453736525,3.083881711115315
2024-08-20 06:31:09,-1.7814428543238219,-99.01843962196558,127.68769213259228, -3.709258627429374,-28.719856839209022,3.2539935292413533
2024-08-20 06:31:09,-1.9191005737643143,-99.92627697747415,128.88957699075354, -3.9582162477192773,-29.021310913477727,3.462515520454703
2024-08-20 06:31:09,-2.121554476064387,-100.6047215411323,129.81895823305703, -4.340431514384033,-29.2843916295454,3.787467604770174
2024-08-20 06:31:09,-2.2038334015223193,-101.24013325297759,130.74898842780442, -4.467393787463456,-29.58364668313608,3.8869241587555265
2024-08-20 06:31:09,-2.1134265448028504,-101.6899940024697,131.67657209187874, -4.222824959455561,-30.054050345049845,3.656739748423746
2024-08-20 06:31:09,-2.108817507711323,-102.0177805782415,132.7708131854047, -4.1188652810350845,-30.81818614349696,3.5388694487368983
2024-08-20 06:31:09,-2.427453409077784,-102.04314309546334,133.49860430795968, -4.644345280235874,-31.53940786315367,3.960656878416196
2024-08-20 06:31:09,-3.280548866963401,-101.47591999171334,133.67213098114917, -6.140075309782708,-32.34502172323359,5.193073869260765
2024-08-20 06:31:09,-4.200080552941591,-100.96855398224943,133.3604896331799, -7.8056650318636756,-32.63367621647648,6.585248918779255
2024-08-20 06:31:09,-4.927988742740538,-100.73073436362165,133.2703155811157, -9.107019783073689,-32.87003732423179,7.6679834422028765
2024-08-20 06:31:09,-5.167616832433466,-100.77122202254834,133.8231283114173, -9.415043795015919,-33.4081016725016,7.880830920891019
2024-08-20 06:31:10,-5.458834863812681,-100.697582345768,134.47963298280567, -9.751965466179508,-34.168524129581954,8.093239429339919
2024-08-20 06:31:10,-5.741391154274791,-100.36649511116137,134.80613349899784, -10.080882399090903,-34.856574995506904,8.300101296948597
2024-08-20 06:31:10,-5.941383084338004,-100.31920105002703,135.3148212627457, -10.284995972969718,-35.43286113574997,8.410421747971323
2024-08-20 06:31:10,-5.925607321968109,-101.11023563358238,135.9695724156239, -10.292329033961858,-35.29645894299195,8.43048992635945
2024-08-20 06:31:10,-5.807103462416835,-102.10779959247967,136.58090038432707, -10.186136409995516,-34.899048596952255,8.383082276088283
2024-08-20 06:31:10,-5.45030918907891,-103.49559260312904,137.60724393286694, -9.655647172570458,-34.49221701056352,7.982368734430969
2024-08-20 06:31:10,-5.030348711319951,-104.3296120452792,138.38227541351378, -8.933540819724568,-34.37782487719888,7.392183306458617
2024-08-20 06:31:10,-4.722184840011284,-105.04280983090602,139.02047881407472, -8.407834858454375,-34.26517916192443,6.964383399713095
2024-08-20 06:31:10,-4.453231710589025,-106.0357705215552,139.89192465241672, -7.95801778761855,-34.11313353039372,6.602019069144546
2024-08-20 06:31:11,-4.1238870810574335,-105.05528318505468,139.46404983364664, -7.271053299534217,-34.624754354845635,5.993652657032006
2024-08-20 06:31:11,-4.0513409849566795,-104.23056855236993,138.59315196781077, -7.152382218544472,-34.5714207421841,5.899259929070931
2024-08-20 06:31:11,-4.1718768108842115,-103.77453115712323,137.92080120534067, -7.404097477591031,-34.36947176547287,6.122288603719596
2024-08-20 06:31:11,-4.251700021186664,-103.1458892010659,136.89301522849334, -7.622225383732275,-33.98241222185347,6.332065136051003
2024-08-20 06:31:11,-4.23821156283471,-102.86247657501522,136.0716048299585, -7.705596958139878,-33.4477195373126,6.44123831353815
2024-08-20 06:31:11,-4.1133963509780065,-102.87602735612681,135.43656896227327, -7.611083487014047,-32.79094997270795,6.409307405513239
2024-08-20 06:31:11,-4.02516140895086,-102.88042097254012,134.6217761750142, -7.618544617355099,-31.96908846979623,6.473741219392555
2024-08-20 06:31:11,-4.048779902599014,-102.74061370493732,133.96451066965633, -7.775333903168675,-31.458989514576942,6.643549821923216
2024-08-20 06:31:11,-4.085031453033179,-102.51320759978151,133.13265885632322, -7.98192272469983,-30.864511338056513,6.863200827393983
2024-08-20 06:31:11,-4.070096466569306,-102.36401915672826,132.48160230303085, -8.071232921223515,-30.365760331605536,6.9757490783799
2024-08-20 06:31:11,-3.957407971876145,-102.1600562002038,131.66635117420373, -7.99552666281333,-29.746806856700033,6.953009888731316
2024-08-20 06:31:11,-3.8206384912827653,-101.90464776718913,130.81722473510646, -7.864429731205698,-29.142296718431542,6.8791137147031085
2024-08-20 06:31:11,-3.7145100753621225,-101.72213271148489,129.99773587212522, -7.803652695715764,-28.49856650621228,6.867719481122532
2024-08-20 06:31:11,-3.661964841670616,-101.51312012838173,129.07766408158204, -7.874364866267142,-27.78781925602103,6.975813869492893
2024-08-20 06:31:11,-3.600420043765538,-101.23653871276305,128.14442212084862, -7.9154636058651695,-27.129866335699308,7.053872418491354
2024-08-20 06:31:11,-3.4416229274449064,-100.85543342420921,127.19116128138165, -7.720147016359811,-26.54371836761503,6.914728984188967
2024-08-20 06:31:12,-3.386541659252587,-100.38037702220106,126.47938074259467, -7.661015755614151,-26.302510671832614,6.8758722628669
2024-08-20 06:31:12,-3.3243348983691465,-99.86410111820742,125.72020724493346, -7.586568830336511,-26.054341133800087,6.823278419550989
2024-08-20 06:31:12,-3.0256181149745314,-99.32839667963248,124.90830040739212, -6.979281288343496,-25.74624776948761,6.292284272513923
2024-08-20 06:31:12,-2.795824577175614,-98.94068550175014,124.13212405914342, -6.5450561856772875,-25.336038293175548,5.920216871444159
2024-08-20 06:31:12,-2.787922689256457,-98.48462142283135,123.37600600814669, -6.599616386589082,-25.03713677247538,5.984205116862276
2024-08-20 06:31:12,-2.8085211361672333,-97.98110598795148,122.4848587103372, -6.745641007776416,-24.654304839176937,6.135638597151749
2024-08-20 06:31:12,-2.788625871902787,-97.6393607953748,121.7765625469108, -6.79282253189144,-24.288172106944504,6.196478869298726
2024-08-20 06:31:12,-2.6191811879924645,-97.02690273645592,121.11612601783594, -6.394851756262097,-24.222751208542405,5.835902862202567
2024-08-20 06:31:12,-2.392866687448791,-96.2756785439647,120.65233426866679, -5.781281728927718,-24.486677964190743,5.264364241768557
2024-08-20 06:31:12,-2.34051360471648,-95.49366845486844,120.18056225982733, -5.589205564088139,-24.790672254515822,5.076963777096691
2024-08-20 06:31:12,-2.2129691393977606,-94.7137576952716,119.75639964572373, -5.216131279377765,-25.133945652372425,4.724605703543144
2024-08-20 06:31:12,-2.0028063106304095,-93.97918803034165,119.4323765633623, -4.651794423826852,-25.526625456501815,4.199421882359704
2024-08-20 06:31:13,-1.7247302182577406,-93.22611275889433,119.08448666574743, -3.9493877282865424,-25.911877989600377,3.553418664446668
2024-08-20 06:31:13,-1.6352880896697042,-92.20110839177183,118.52679354117353, -3.683376730918596,-26.372807388950875,3.3009175172969742
2024-08-20 06:31:13,-1.535890015654831,-91.19242766597435,117.86692360141242, -3.418049383270901,-26.71544008789718,3.053905349268377
2024-08-20 06:31:13,-1.4498188293998715,-90.18785605316728,116.96022517935265, -3.21592788531587,-26.808701254821102,2.8708843589409865
2024-08-20 06:31:13,-1.4148035066282012,-89.20659114494866,116.06878428124946, -3.1286851347400475,-26.89665832926893,2.7908036543411954
2024-08-20 06:31:13,-1.4915382667030297,-88.43760761289346,115.38873135726368, -3.288035551929895,-26.98927931192317,2.930602647959024
2024-08-20 06:31:13,-1.5937511247060656,-87.58982855437499,114.56885911424844, -3.509572557722859,-27.022538025954525,3.1272319724632807
2024-08-20 06:31:13,-1.674957751470058,-86.7754913225873,113.74546184717154, -3.6891566999929384,-27.018039336455285,3.287472163360394
2024-08-20 06:31:13,-1.7291362319700012,-86.1139651850018,113.10332505173025, -3.8056890929970035,-27.040542862244514,3.3907003339781565
2024-08-20 06:31:13,-1.53991468966244,-85.25029953519415,112.28020683685807, -3.385353778575797,-27.07043832043084,3.015206882008093
2024-08-20 06:31:13,-1.4641522645236382,-84.3160190049382,111.39009372528164, -3.2142370393023625,-27.11064872672778,2.8617059376768283
2024-08-20 06:31:13,-1.519920349806696,-83.61280540169037,110.67440343468823, -3.337867693394812,-27.101030317269487,2.9720826657338204
2024-08-20 06:31:13,-1.7379847733397729,-82.81687235176382,109.75152262208682, -3.8322837123514186,-26.986480044766598,3.4160485278388153
2024-08-20 06:31:13,-1.8420999701842191,-82.21680190783246,108.97599919741711, -4.0858275685901235,-26.817859176071643,3.647634929106149
2024-08-20 06:31:13,-1.8126490339174348,-81.5530861792961,108.4018761317879, -4.008292391097713,-26.905373250993893,3.575608783969388
2024-08-20 06:31:14,-1.8215788317052621,-82.09325007682216,109.19763124573163, -3.9929545128357273,-27.160896890071044,3.553841996406369
2024-08-20 06:31:14,-1.9221582316903878,-82.76742357376962,109.90959308145126, -4.207413809956571,-27.20498918433042,3.743380505932274
2024-08-20 06:31:14,-1.8741836254795674,-83.41666452090439,110.76683173830719, -4.073965819917626,-27.40936436768502,3.6179142169231637
2024-08-20 06:31:14,-1.7119344131910084,-83.98432328827201,111.67605862480978, -3.679871056830633,-27.74042324565205,3.257896704835384
2024-08-20 06:31:14,-1.5929922721586733,-84.48297495652982,112.43360051103684, -3.3955649355993858,-27.992329583713655,2.9990923637513585
2024-08-20 06:31:14,-1.4755821842220265,-85.1424636755341,113.40895300289354, -3.113469286046832,-28.30180513381494,2.741899097942364
2024-08-20 06:31:14,-1.3720161486528077,-85.69772572287582,114.12324629329954, -2.8804121423628666,-28.455853599102745,2.532897999885888
2024-08-20 06:31:14,-1.2210472793926637,-86.34144510539636,114.98998812926946, -2.545552905909376,-28.67234899172343,2.2337499012331725
2024-08-20 06:31:14,-1.0352554031045622,-86.91038827878603,115.69211555509187, -2.1494036113509023,-28.798747779711903,1.8837644077360705
2024-08-20 06:31:14,-0.8202919030789894,-87.56041927375631,116.46637937997495, -1.696634687592169,-28.916592588130747,1.485207452365591
2024-08-20 06:31:14,-0.558888434351583,-88.05616502286637,117.13543791532366, -1.1498127357008625,-29.084173985426915,1.0048607224160466
2024-08-20 06:31:15,-0.5063667341578786,-88.32738847262635,117.93591557430801, -1.0248034109883242,-29.612464318723585,0.8909744272168558
2024-08-20 06:31:15,-0.5075183278399018,-88.12757035081012,118.49748970762371, -1.0037556985259488,-30.373754947294184,0.866008235700058
2024-08-20 06:31:15,-0.49015413168680383,-87.7839260733459,118.83993511237172, -0.9500759957304029,-31.05949043371235,0.8138854247094089
2024-08-20 06:31:15,-0.2354970773049208,-87.4399136729444,119.22881601804498, -0.44703411618263555,-31.789683236756222,0.3799755790347382
2024-08-20 06:31:15,-0.13286206665678466,-87.1630214142529,119.60579484980332, -0.24766474342056077,-32.443015771630314,0.2090109439227561
2024-08-20 06:31:15,-0.393356788047199,-86.8418760525042,119.87258304213935, -0.72161166177079,-33.03278371971838,0.6049789897343786
2024-08-20 06:31:15,-0.015482977021381295,-86.22045379518508,120.11068483749827, -0.027766995491998236,-33.89023415664586,0.023049587287847895
2024-08-20 06:31:15,0.3365834225864199,-85.92478398092175,120.45710564919652, 0.5937421650848496,-34.53375836336728,-0.4891258634889598
2024-08-20 06:31:15,0.6781294322797343,-85.49939799535889,120.69699641483334, 1.1763845916509683,-35.203287293619766,-0.9612826482272449
2024-08-20 06:31:15,1.1337817751744654,-84.9231297310729,120.79196961035836, 1.9345237672094664,-35.88435095990816,-1.5675592005109624
2024-08-20 06:31:15,1.525720983758389,-84.2505832122108,120.84470712187257, 2.5582262028019773,-36.62147232543133,-2.0537024695428463
2024-08-20 06:31:15,1.7705485593957633,-83.6987085195454,121.0168745069762, 2.9189399386310653,-37.354035543324336,-2.3210090949775073
2024-08-20 06:31:15,2.0119219771539836,-83.11526673846761,121.16844654090629, 3.2618405153521417,-38.098278733474395,-2.5679728408389484
2024-08-20 06:31:15,2.2041644943918968,-82.5560187437192,121.15846785155492, 3.530077757350369,-38.6555169626021,-2.758053907894358
2024-08-20 06:31:15,2.329515260142676,-81.88023574586275,121.0431125557148, 3.685643994847082,-39.22097417825173,-2.8568914667700467
2024-08-20 06:31:16,2.550175070411452,-80.92012569796064,120.62805028731609, 3.9878559618137257,-39.7762041878075,-3.0668901853843114
2024-08-20 06:31:16,2.887119130602642,-80.1273181902977,120.26520650154396, 4.473410271187996,-40.224059617225464,-3.4184553826897117
2024-08-20 06:31:16,3.2307410777250265,-79.5441937010748,120.1538968752824, 4.9563442732299885,-40.71579598399228,-3.76067241225523
2024-08-20 06:31:16,3.5557909233555103,-78.79040293592261,119.76176222189751, 5.413847592431898,-41.09821292519319,-4.085037735631176
2024-08-20 06:31:16,3.845817359367797,-77.94508726395517,118.9958336472171, 5.844489541216716,-41.19868410664072,-4.404190871516618
2024-08-20 06:31:16,4.382955188278229,-77.20765660607633,118.35933335317252, 6.643560498958811,-41.343039407261855,-4.997535442412513
2024-08-20 06:31:16,4.80506005939053,-76.37302927670586,117.62080696684775, 7.265872566487769,-41.476890080587694,-5.456572129625809
2024-08-20 06:31:16,4.956563676940887,-75.42621925351183,116.67333131953853, 7.493616318820334,-41.4908612689363,-5.627241311196093
2024-08-20 06:31:16,4.825008041469886,-74.8864337340207,115.85432875259693, 7.336365991655878,-41.20118676907727,-5.532992961280735
2024-08-20 06:31:16,4.94363782848227,-74.2015238753709,115.17280697938372, 7.5150752331308865,-41.21612284174959,-5.667150248254975
2024-08-20 06:31:16,5.34433941354767,-73.46424907780656,114.94856522074767, 8.038285967434604,-41.76521572811305,-6.013075465740409
2024-08-20 06:31:16,5.625707316456507,-72.84565656941682,114.98019498785945, 8.353008546904588,-42.43869320941443,-6.1844364061457595
2024-08-20 06:31:16,5.792848011915929,-72.22570200378955,114.88326962428694, 8.51487944760472,-42.97416976699582,-6.251354890680921
2024-08-20 06:31:16,6.136283901812725,-71.76943250405124,114.91264524899431, 8.934810956244043,-43.49235652900715,-6.506843061335636
2024-08-20 06:31:16,6.603537002114321,-71.57789750650313,115.09801424359588, 9.543122180746604,-43.918938791750016,-6.904778807480237
2024-08-20 06:31:16,6.9981836678396885,-71.60101748534709,115.5155956185243, 10.036417871988306,-44.356154965571505,-7.212093878080181
2024-08-20 06:31:17,7.3698464204933325,-71.40667551897488,115.8232253971566, 10.470635385536797,-44.89756582134308,-7.458353746642
2024-08-20 06:31:17,7.672306227652116,-70.93744971723785,116.0427682474979, 10.767032570242026,-45.614112893086165,-7.576849667398344
2024-08-20 06:31:17,7.818815688293765,-70.50515527994914,116.23317531252542, 10.856097350149074,-46.245051764598394,-7.5548739490540315
2024-08-20 06:31:17,8.006612233683121,-70.04060086880114,116.43082647468057, 10.993643676636937,-46.91995279134019,-7.558249282284756
2024-08-20 06:31:17,8.196707003897762,-69.55495990493269,116.6596360165867, 11.123602766354983,-47.646121127948334,-7.5457234969842775
2024-08-20 06:31:17,8.247163885621896,-69.1505465918659,116.87568216106894, 11.083206868222494,-48.26154192384919,-7.42993735925775
2024-08-20 06:31:17,8.27155860967441,-68.58589922264579,116.99296337835673, 11.000307477362027,-48.933969338252226,-7.27714850537525
2024-08-20 06:31:17,8.121505718600018,-67.85607443492249,116.58840096064942, 10.75010426736585,-49.23465696204223,-7.066905266145337
2024-08-20 06:31:17,8.291397445163028,-67.20210951914416,116.07344501822729, 10.949925971923134,-49.39224509740705,-7.177331085909853
2024-08-20 06:31:17,8.725352890956614,-66.98671920227463,116.0491323927021, 11.484098572056363,-49.63509061296216,-7.495882831917534
2024-08-20 06:31:18,8.839458347544912,-67.12259167224593,115.56390820654028, 11.740580760756353,-49.041849088276585,-7.757837722666449
2024-08-20 06:31:18,8.81932738179336,-67.58378692649576,115.42884930246336, 11.820818738671463,-48.45541138626228,-7.902265953496322
2024-08-20 06:31:18,8.83702647057739,-68.15473971417262,115.32586658917572, 11.968876448905055,-47.798410355056305,-8.104524862836465
2024-08-20 06:31:18,8.91197649207834,-68.93900112046656,115.32794078707883, 12.220203960798596,-47.04433749709962,-8.395247640605993
2024-08-20 06:31:18,8.892024395197833,-69.45319287617006,115.22666657813535, 12.316166033278249,-46.43998525862847,-8.556250807220533
2024-08-20 06:31:18,8.91197649207834,-68.93900112046656,115.32794078707883, 12.220203960798596,-47.04433749709962,-8.395247640605993
2024-08-20 06:31:18,8.903596658127707,-70.105660294905,115.25357819049648, 12.461026742878452,-45.830736165068444,-8.753391798748256
2024-08-20 06:31:18,8.917069576727778,-70.66835282561848,115.25462440420813, 12.599175862458605,-45.28453812778809,-8.937117017646894
2024-08-20 06:31:18,8.869944778736025,-71.59961640801711,115.13021306798271, 12.766781705951441,-44.24718386525718,-9.219330689719616
2024-08-20 06:31:18,8.891371839963886,-72.44172066550732,115.08348622195905, 13.00390049911836,-43.38422216590722,-9.527651234702052
2024-08-20 06:31:18,9.047997095308116,-73.44727456325552,115.21058872195368, 13.44611300809363,-42.555606792170124,-9.988196242223431
2024-08-20 06:31:18,9.17507299623322,-73.95138262360808,115.1612936081703, 13.775113050671564,-42.04014436261474,-10.3191817826364
2024-08-20 06:31:18,9.047997095308116,-73.44727456325552,115.2105887219537, 13.44611300809363,-42.555606792170124,-9.988196242223431
2024-08-20 06:31:18,9.37282377028177,-74.4696578747168,115.1588925855957, 14.20755173458566,-41.571024738672435,-10.72544005004945
2024-08-20 06:31:18,9.676464389970459,-75.49124426844367,115.2062176575055, 14.941352658639897,-40.68646027212111,-11.439400373220277
2024-08-20 06:31:18,9.790762793374823,-76.22124807018493,115.23048448957789, 15.33108592978825,-40.028278336407176,-11.855709229691897
2024-08-20 06:31:18,9.574443682150196,-76.93660298713246,115.2201923609106, 15.230087781336355,-39.28376019482875,-11.899998589640408
2024-08-20 06:31:18,9.77579736370406,-77.68769831158306,115.34419269531944, 15.749655356036781,-38.7218315645896,-12.40916003782032
2024-08-20 06:31:18,9.986373646672055,-78.2659331277739,115.51819997765391, 16.219066780215442,-38.37926378196471,-12.845637155151536
2024-08-20 06:31:19,10.206434576069912,-78.92532328323576,116.09380784340728, 16.59443944189088,-38.3483963287609,-13.154649282007327
2024-08-20 06:31:19,10.693216177096168,-78.9577306741835,116.16315657194774, 17.34267589705349,-38.49690982952716,-13.734156931907023
2024-08-20 06:31:19,10.029900255819982,-79.51310083310301,116.67163677054421, 16.320670230879372,-38.29899910295272,-12.94161945924268
2024-08-20 06:31:19,9.455904300526914,-79.94129754871365,116.90197892867374, 15.482787544051826,-37.983212352556144,-12.316107198014265
2024-08-20 06:31:19,8.3211644944106,-80.72799629620704,117.20447871208711, 13.821818069167685,-37.28466067846891,-11.075498972894
2024-08-20 06:31:19,7.59993170685922,-81.18934612488337,117.36899149278725, 12.736309496452671,-36.86229084028109,-10.250506676006509
2024-08-20 06:31:19,6.991696381501503,-81.5857487680168,117.46826669494673, 11.817750872335191,-36.4673627777248,-9.551415348010302
2024-08-20 06:31:19,7.599931706859221,-81.18934612488337,117.36899149278726, 12.736309496452671,-36.862290840281084,-10.250506676006509
2024-08-20 06:31:19,6.991696381501503,-81.5857487680168,117.46826669494673, 11.817750872335191,-36.4673627777248,-9.551415348010302
2024-08-20 06:31:19,5.639226258613575,-82.22351097720814,117.43956034069886, 9.716566039397138,-35.60701400942262,-7.9255284450509675
2024-08-20 06:31:19,5.112737881972777,-82.46302638730089,117.52521112662707, 8.852571992605283,-35.38570048702118,-7.236515667809092
2024-08-20 06:31:19,4.745405597435491,-82.78661003129048,117.41005049843245, 8.312271702973767,-34.90687803165055,-6.832413697341814
2024-08-20 06:31:19,4.169800843541122,-83.43987051746585,117.59273307866553, 7.399199768848673,-34.37578802378688,-6.117766639368321
2024-08-20 06:31:19,3.359205903236413,-83.86035881395495,117.81929795844471, 5.9985178827704395,-34.104840897758464,-4.972555125345192
2024-08-20 06:31:19,2.713759900431276,-83.9287484066327,117.80608620130093, 4.860408997909918,-33.97292282141967,-4.033764502276096
2024-08-20 06:31:19,2.166826764878571,-84.0131491144547,117.78760273669212, 3.8935506473184227,-33.83566097460274,-3.235674771589702
2024-08-20 06:31:19,2.7137599004312762,-83.92874840663269,117.80608620130094, 4.860408997909917,-33.972922821419665,-4.033764502276095
2024-08-20 06:31:19,2.166826764878571,-84.0131491144547,117.78760273669212, 3.8935506473184227,-33.83566097460274,-3.235674771589702
2024-08-20 06:31:19,1.0370507541329819,-84.22956129455221,117.65372497754814, 1.882224400375454,-33.438381098236896,-1.5708481501501657
2024-08-20 06:31:19,0.06066614765253836,-84.53200850467655,117.63787872588117, 0.11107186180900452,-33.105919478107985,-0.09304074510507654
2024-08-20 06:31:19,-0.545702484685731,-85.02265745659165,117.80638350110732, -1.0077442459806654,-32.7877607316504,0.847218370774152
2024-08-20 06:31:19,-1.0419173787965703,-85.29988060254159,117.97432583662817, -1.9294424284339857,-32.68921295814885,1.624021862022357
2024-08-20 06:31:19,-1.6458997756088212,-85.7171931778962,118.20226030606776, -3.06245850917532,-32.52217499269572,2.582924992334154
2024-08-20 06:31:20,-2.167649708070691,-86.0453836347922,118.32619846286302, -4.053901681821821,-32.34565894176312,3.4265167630993703
2024-08-20 06:31:20,-2.8137624837790085,-86.52416436856623,118.52112525527507, -5.299355315589365,-32.10735048870397,4.492453824491055
2024-08-20 06:31:20,-3.431262649985598,-86.90399258153025,118.63202249998469, -6.5044289003108275,-31.89376716360556,5.529069529023388
2024-08-20 06:31:20,-3.9532322992162507,-87.2224191121316,118.71248901042654, -7.536421809881151,-31.711920214783902,6.421457619653758
2024-08-20 06:31:20,-4.548507306033747,-87.72366190743955,118.78459602132713, -8.765339947289721,-31.359243316551435,7.5007092432243105
2024-08-20 06:31:20,-5.125099016317909,-88.19216727070128,118.87091106898842, -9.96982412334425,-31.062696992531954,8.563102126259249
2024-08-20 06:31:20,-5.647991652010068,-88.3065480387746,118.94406371587317, -10.98260360079557,-31.103944362475232,9.434340495874583
2024-08-20 06:31:20,-6.253434135946671,-88.2466258323278,118.87701079227341, -12.13779678599716,-31.20135800055543,10.423694245744162
2024-08-20 06:31:20,-6.77029397644098,-88.30186889819836,118.78577149970889, -13.171274892654463,-31.155938161755344,11.324513014700496
2024-08-20 06:31:20,-7.280885314781611,-88.41891889623497,118.85885061455016, -14.153817673563669,-31.217169145405006,12.170448311490661
2024-08-20 06:31:20,-7.855179245308033,-88.37726656605969,118.74136923961225, -15.265923189497293,-31.269603193704825,13.131262303746977
2024-08-20 06:31:21,-7.160892703942849,-88.58126681583221,119.09769821054692, -13.897001841315099,-31.266326097308834,11.941258473623886
2024-08-20 06:31:21,-6.508307779440496,-88.723556381485,119.39525176705209, -12.606160534396391,-31.28868863014641,10.819534659216579
2024-08-20 06:31:21,-5.817330029479514,-88.84828023202701,119.70673445912459, -11.234523067224586,-31.348783280458598,9.627694987888269
2024-08-20 06:31:21,-5.239192412903217,-88.94099670656394,120.13436698028394, -10.039926892229225,-31.586499270715358,8.576504492460302
2024-08-20 06:31:21,-5.099589522231372,-89.40048854423796,120.89201527137753, -9.694633098860706,-31.859813757492024,8.255932834223595
2024-08-20 06:31:21,-4.9318863023059665,-89.85256466641536,121.56946423957189, -9.32128014180543,-32.058497707352764,7.919465568725447
2024-08-20 06:31:21,-4.6795680972250935,-90.33500252178919,122.45785142112763, -8.751463975067786,-32.42577427624532,7.403501224921736
2024-08-20 06:31:21,-4.284102862502271,-90.53169653590426,123.25254331378855, -7.890051439342725,-32.96917665293358,6.63185057796258
2024-08-20 06:31:21,-3.8834261477535637,-90.58795173696785,123.74195980417063, -7.07561372910884,-33.35486108298714,5.919207566177292
2024-08-20 06:31:21,-3.3121188330810782,-90.55131591425533,124.14117231810738, -5.97168235301505,-33.73368887240183,4.971761529060977
2024-08-20 06:31:21,-2.7512088281446774,-90.63495639901276,124.46435194997656, -4.933374763385249,-33.92781035678972,4.096576733203442
2024-08-20 06:31:21,-2.2626626048249197,-90.86758498171628,124.90875286250763, -4.037402689897305,-34.107237191614495,3.3446667595172683
2024-08-20 06:31:22,-1.7782481760433082,-91.02919379032788,125.4233797858841, -3.1458384759116957,-34.43447248818798,2.5954376298712027
2024-08-20 06:31:30,-1.905606181453845,-91.79021000724259,126.95803933932868, -3.3060432559214274,-35.212776314383675,2.702088051122116
2024-08-20 06:31:30,-2.1714970650599072,-92.26791040803705,126.64177081691818, -3.842217950493092,-34.43396349946344,3.1704973771034934
2024-08-20 06:31:30,-2.5475776937036545,-91.98814168107958,125.97734890098026, -4.550498204888304,-34.073104629574864,3.7717715892116987
2024-08-20 06:31:30,-2.931246567328738,-91.63829175231062,125.42131096715123, -5.261324266257226,-33.894908879470876,4.371041628342736
2024-08-20 06:31:30,-3.4014563504319444,-92.12655315236755,125.43649645847724, -6.177080030179812,-33.46323495622081,5.159235125987464
2024-08-20 06:31:30,-3.746174030965801,-92.59360147575183,125.0749835895224, -6.951431300232069,-32.67318411868072,5.859825571413091
2024-08-20 06:31:30,-4.107626235291017,-92.80129942579798,124.47586186479191, -7.787764664830608,-31.912302185066267,6.622077182068361
2024-08-20 06:31:30,-4.4444842660440065,-92.95163274550737,123.87418961673696, -8.601084722727062,-31.208989550340522,7.371184644684681
2024-08-20 06:31:30,-4.778579492411036,-93.18212519544345,123.54967026505715, -9.389344928138119,-30.705737642068122,8.091790013181908
2024-08-20 06:31:30,-5.1188772472304604,-93.7275160414321,123.54924425496387, -10.21124805409356,-30.217993582333968,8.847337782576693
2024-08-20 06:31:30,-5.686138341702395,-93.89969988150776,123.30368452079625, -11.464259971042235,-29.90042055311458,9.971176959187302
2024-08-20 06:31:30,-6.282952831651969,-94.0284448953606,123.0434535847003, -12.78896784103679,-29.629546807880452,11.161686072053639
2024-08-20 06:31:30,-6.90603386135582,-93.88837172221932,122.66551561132877, -14.122367218219171,-29.52514405768754,12.348660863879017
2024-08-20 06:31:31,-7.498960603004437,-93.57478770159477,122.28095628693796, -15.325958181632966,-29.588637354666332,13.404532394380805
2024-08-20 06:31:31,-8.019580012787017,-93.36027202350022,121.9608735315135, -16.39999436074773,-29.611969664080036,14.352658181207484
2024-08-20 06:31:31,-8.595977371875833,-93.40274261130557,121.81495200110683, -17.624900208374775,-29.580018137601854,15.444981089627813
2024-08-20 06:31:31,-9.31014059122814,-93.6758744241001,121.84821419636589, -19.148748236068094,-29.550754172203533,16.807763307440585
2024-08-20 06:31:31,-9.843745512239636,-93.90319919379456,121.67095035645653, -20.427429692038373,-29.329595406426385,17.988654275971278
2024-08-20 06:31:31,-10.236153193598469,-94.14122836337546,121.37928628725876, -21.53158900243296,-28.95962192983408,19.045376878037573
2024-08-20 06:31:31,-10.667032467819261,-94.48891046995644,121.22480714113547, -22.71818434722256,-28.63903549988241,20.176313337996106
2024-08-20 06:31:31,-10.984973807297667,-94.77559876822312,120.81673571146175, -23.85229927773038,-28.11343284814592,21.30467417875156
2024-08-20 06:31:31,-11.36626953488415,-95.16524083576002,120.74203648883324, -24.96818600674706,-27.832448519850388,22.38019898716641
2024-08-20 06:31:31,-11.777514802570895,-95.63133962841806,120.85771942853941, -26.06856842782672,-27.67624940164147,23.424285481256987
2024-08-20 06:31:31,-12.299260694613562,-95.98960803597268,121.01304755622104, -27.26799294522376,-27.706916463808852,24.52866573760705
2024-08-20 06:31:32,-12.679259490791729,-96.60136971258392,121.61319858828185, -28.01793464858827,-27.856396552819117,25.194675359824732
2024-08-20 06:31:32,-12.272117621217623,-96.84580685390367,121.42456179882784, -27.608163867165228,-27.30089877327884,24.92501566033175
2024-08-20 06:31:32,-12.76516454129599,-97.11005891418712,121.74473808215014, -28.52487220051184,-27.56116222005638,25.72653851414855
2024-08-20 06:31:33,-12.177904522579828,-96.86336410019229,121.63999000397331, -27.245975279060982,-27.437096182378447,24.561468948539364
2024-08-20 06:31:33,-11.661746990775375,-96.7097321649484,121.8071359946882, -25.94737908546185,-27.51438765522554,23.343080332064794
2024-08-20 06:31:33,-11.150106691382266,-96.31361737072277,121.92604321345718, -24.51082001007906,-27.78322234383699,21.968694285932663
2024-08-20 06:31:33,-10.546923195931289,-95.65710431712378,121.85317910594404, -22.868367559965876,-28.09971337535744,20.407827778794406
2024-08-20 06:31:33,-10.287676661438406,-95.05502671307856,121.71927278532016, -22.021645192166066,-28.443792469824267,19.57745010514516
2024-08-20 06:31:33,-10.053245216422061,-94.31916258416327,121.53437843541161, -21.18879616759954,-28.879109440818773,18.749352926502766
2024-08-20 06:31:33,-9.74905698773986,-93.1715047243118,121.25100111246357, -20.05319685183101,-29.59314719799152,17.60977043322822
2024-08-20 06:31:33,-9.571969908772186,-92.0167559987805,121.00052967797185, -19.188595377784644,-30.39269585031554,16.709178377551396
2024-08-20 06:31:33,-9.49409842011291,-91.28339838661506,120.72055233415936, -18.792390540200312,-30.799284306719933,16.29304408188147
2024-08-20 06:31:33,-9.571969908772184,-92.01675599878051,121.00052967797187, -19.18859537778464,-30.392695850315537,16.709178377551392
2024-08-20 06:31:33,-9.469600899478156,-90.57045483452882,120.51028447877144, -18.47975945392137,-31.26880466946448,15.942351354543236
2024-08-20 06:31:33,-9.33861221242254,-89.15596565676822,120.11525339916332, -17.727605617282624,-32.202726169831905,15.136053120477424
2024-08-20 06:31:33,-9.289289557441405,-88.50530054254057,120.12378066867427, -17.327427329527595,-32.81862412005399,14.691893414907353
2024-08-20 06:31:33,-9.22508105056938,-87.87118219833326,120.0778144304184, -16.947618964079215,-33.364605049761536,14.279071825687229
2024-08-20 06:31:33,-9.183933189640646,-87.31022983153493,120.15101513526393, -16.60080834059156,-33.961764709997155,13.888974119937615
2024-08-20 06:31:33,-9.179878403335206,-86.8247632475838,120.29755018045056, -16.33085287341936,-34.56688727133496,13.565017310152394
2024-08-20 06:31:33,-9.152675703253328,-86.28402440080914,120.3528941956373, -16.045875897428925,-35.13303333831076,13.23619065700313
2024-08-20 06:31:33,-9.098781599812993,-85.81111300183127,120.76650881597787, -15.617153622074133,-35.973823121354165,12.746776505579419
2024-08-20 06:31:33,-9.107753651252455,-84.92226368739693,120.96124183685286, -15.242220824572094,-37.020301935106026,12.273916531487508
2024-08-20 06:31:33,-9.133737182582289,-84.36310101328566,121.02885356461177, -15.069205298301187,-37.63074874068127,12.036977526806217
2024-08-20 06:31:33,-9.097746548127954,-82.81684056288225,120.42593916677896, -14.70282116006514,-38.53506991091891,11.599123239328621
2024-08-20 06:31:33,-9.049482558121532,-82.00678085081172,120.02824622235065, -14.49761435925338,-38.92451014667924,11.374007458559928
2024-08-20 06:31:33,-9.020815776510824,-81.30055724192891,119.75673629155371, -14.320111496234105,-39.33994745741226,11.168051132130053
2024-08-20 06:31:33,-8.840677136928777,-80.10901628444054,119.30859340485812, -13.825247945582866,-40.02691678539302,10.67179690486332
2024-08-20 06:31:34,-8.777317007471169,-79.49132054572942,119.52368968896616, -13.498256254121664,-40.82462205840155,10.295332405663965
2024-08-20 06:31:34,-8.838014720535293,-78.9919326292588,119.61534651350942, -13.431426880396861,-41.41019573595827,10.154484509707432
2024-08-20 06:31:34,-8.900134478561418,-78.46651098107661,119.7705007540504, -13.346692974523224,-42.08313641019784,9.986333330925355
2024-08-20 06:31:34,-8.974382404787765,-78.10566093941866,120.07399243793813, -13.287624222285702,-42.74239630253201,9.839513346100068
2024-08-20 06:31:34,-9.127833747310799,-77.46773426651913,120.1272157362754, -13.338838025537303,-43.44110167001431,9.768183533857693
2024-08-20 06:31:34,-9.116350878391462,-76.44796512248314,119.79954797136581, -13.15694814199755,-44.11286150488289,9.52712355997377
2024-08-20 06:31:34,-9.083468704770771,-75.71029841203402,119.57641197079023, -12.991531661784794,-44.60866914766091,9.32748071245168
2024-08-20 06:31:34,-8.878408569893327,-76.43655367225853,119.77002235735223, -12.82374413652168,-44.056312221164035,9.290611143290517
2024-08-20 06:31:34,-8.605579810379892,-76.90521368146582,119.5517053256378, -12.592124561235096,-43.34226355779569,9.227564369248205
2024-08-20 06:31:34,-8.24145607310733,-77.46028305945363,119.16956096185432, -12.281158390878048,-42.368932203446064,9.136891116389307
2024-08-20 06:31:34,-7.7933152543699045,-78.38607251856463,119.04579021090565, -11.862760884839414,-41.27205059222304,8.97146172562605
2024-08-20 06:31:34,-7.42439463785627,-79.18616387262732,118.83899114866009, -11.54141615020228,-40.22890265350395,8.861339591038206
2024-08-20 06:31:34,-7.196141978022776,-79.64933997247135,118.7412644497589, -11.322835005872674,-39.644155339185346,8.765110216400865
2024-08-20 06:31:34,-6.656712330074644,-80.54488974814109,118.60539733137918, -10.719696282157605,-38.55114463554244,8.421396089520215
2024-08-20 06:31:34,-6.181643712470261,-81.39987240598668,118.58634230124349, -10.159584618191861,-37.623396561048594,8.078253535221664
2024-08-20 06:31:35,-5.861794813360388,-82.18387301987113,118.58042196968826, -9.816238926339638,-36.80102314691695,7.887673956468377
2024-08-20 06:31:35,-5.472145005504904,-83.03481339157369,118.47462544953257, -9.381271938637305,-35.80506358982503,7.6315983639218885
2024-08-20 06:31:35,-5.24164733150926,-83.46237067351434,118.25602678368026, -9.133393840782599,-35.13699302721149,7.490046098361809
2024-08-20 06:31:35,-5.472145005504904,-83.03481339157369,118.47462544953257, -9.381271938637305,-35.80506358982503,7.6315983639218885
2024-08-20 06:31:35,-5.026865097754943,-83.85622747453797,118.06432587297152, -8.89233463151053,-34.530936259301484,7.344581231380111
2024-08-20 06:31:35,-4.663397166805622,-84.13879612731392,117.7703963888001, -8.37835970730807,-33.91568669836471,6.968286371293297
2024-08-20 06:31:35,-5.026865097754943,-83.85622747453799,118.06432587297154, -8.892334631510527,-34.530936259301484,7.344581231380111
2024-08-20 06:31:35,-4.663397166805622,-84.13879612731392,117.7703963888001, -8.37835970730807,-33.91568669836471,6.968286371293297
2024-08-20 06:31:35,-4.320750286137404,-84.42238146680296,117.51614305866684, -7.8783111983525425,-33.342786846027984,6.594045248418442
2024-08-20 06:31:35,-3.6260993318346397,-84.85262543197035,116.88972083117562, -6.812512715128491,-32.219931482498254,5.7711560505379325
2024-08-20 06:31:35,-4.022931629691361,-84.71815593070819,117.2977498895723, -7.441211373621754,-32.79985268892599,6.265159528146413
2024-08-20 06:31:35,-3.2336909836784136,-85.09803929223443,116.75783310335558, -6.143778097355487,-31.807428679196896,5.226689193149624
2024-08-20 06:31:35,-2.610480718889743,-85.94987756198981,116.94540731464099, -5.05949659660465,-31.094360803061782,4.335540278589505
2024-08-20 06:31:35,-1.9919644712877682,-86.4551303923867,117.1616093230304, -3.896470748445363,-30.764726132517644,3.349490020165259
2024-08-20 06:31:35,-1.3344955190389909,-86.88057184054784,117.1638410583974, -2.6449602722513177,-30.309870674318567,2.283830087163345
2024-08-20 06:31:35,-0.8516517674769896,-87.04349363865961,116.9524682464682, -1.7076256182172682,-29.91997597081019,1.4801472487317788
2024-08-20 06:31:35,-0.30771997247068306,-87.29617388278845,116.78182433485667, -0.625167084420414,-29.487111820351547,0.5441921989651042
2024-08-20 06:31:35,0.11683860220746023,-87.34774091688773,116.48463308088154, 0.23996423646108767,-29.137105873111473,-0.2095987516897515
2024-08-20 06:31:35,0.5394874584796793,-87.66082549218498,116.31122050270156, 1.1250775031563727,-28.655043333686873,-0.9873102239680976
2024-08-20 06:31:35,1.1757888202071942,-87.97957325183481,116.14456444035991, 2.489795062251261,-28.18751520468278,-2.1948294731684452
2024-08-20 06:31:35,1.6848760414038955,-87.98312985674798,115.82932023454927, 3.6033839804032857,-27.893045742388598,-3.185670245193297
2024-08-20 06:31:35,1.9675707818782617,-88.0908538696931,115.42007837351132, 4.2793973226076165,-27.394519118638442,-3.800998290911519
2024-08-20 06:31:35,2.1695897449270203,-88.31077243694186,114.97974050851285, 4.82469956419249,-26.75062604809076,-4.3103933253574525
2024-08-20 06:31:36,2.150692766536195,-88.78735096595797,114.85181442405639, 4.8852393143349255,-26.146857250533085,-4.387382915945795
2024-08-20 06:31:36,1.884013122057461,-89.48360334393182,114.93872300998713, 4.376473401530271,-25.520108536894675,-3.9509039609911345
2024-08-20 06:31:36,1.797843564369543,-90.24001658901383,115.2958037086613, 4.238841528712199,-25.11605025030168,-3.8393196749554126
2024-08-20 06:31:36,1.652145233859537,-90.91882398514241,115.41141723479132, 3.979839974785773,-24.54482375580881,-3.6212122229759824
2024-08-20 06:31:36,1.3441496677538955,-91.25216013649118,115.26296205785012, 3.3002700898802044,-24.046170570531146,-3.0144173077453806
2024-08-20 06:31:36,1.481757989186861,-91.10269905508106,115.79240163451293, 3.543655121255032,-24.731344516889116,-3.219347148629724
2024-08-20 06:31:36,1.5351414012618418,-90.9552341309121,116.72240602300093, 3.527753496043591,-25.809741122823333,-3.1766020960886463
2024-08-20 06:31:36,1.5154774863007252,-90.85097977410427,117.58689968181638, 3.365543318573618,-26.77567761518686,-3.005381283230088
2024-08-20 06:31:36,1.4074555643363127,-90.64161946320044,118.33924054326822, 3.025847184681939,-27.73053140816817,-2.678854930057487
2024-08-20 06:31:36,1.2378614789034095,-90.23640967828615,118.77661978936027, 2.589524359701594,-28.564786182674634,-2.274673716183857
2024-08-20 06:31:36,1.1319980698971897,-90.00092116654962,119.4297991719144, 2.3029454005664176,-29.44869365288881,-2.0056573360553633
2024-08-20 06:31:37,1.161160871905999,-90.13749919037929,120.36542953995443, 2.3055185127818305,-30.24811707281333,-1.9918996693488034
2024-08-20 06:31:37,0.925699509818392,-90.20980679288526,121.04162347172141, 1.8057323507278498,-30.844342807724193,-1.5504705493540332
2024-08-20 06:31:37,0.4177573088910129,-90.4749261790657,121.66435271008588, 0.806646061452842,-31.191942222621392,-0.6900471994223134
2024-08-20 06:31:37,0.1749553945494586,-91.07899446489824,122.4154612299802, 0.33640920757493953,-31.336905463548632,-0.2873360775586959
2024-08-20 06:31:37,-0.06412238328953981,-91.72705243168966,123.2212566623876, -0.12274272709788053,-31.4942627966997,0.10466184400245443
2024-08-20 06:31:37,-0.2090700165127531,-92.23532387383891,123.89440610814543, -0.3983272081193861,-31.65970082650098,0.3390498534573935
2024-08-20 06:31:37,-0.6774008479480671,-91.81349477238037,123.4829582816475, -1.290084842395262,-31.675954270499364,1.0979540802045715
2024-08-20 06:31:37,-0.395444679582196,-90.87206121493828,123.0287093262278, -0.7429578117066549,-32.15881869315979,0.628980204109257
2024-08-20 06:31:37,-0.10538283154329398,-90.03536703773266,122.51728129949194, -0.19623089761677381,-32.482066492128716,0.1655326399661008
2024-08-20 06:31:37,-0.395444679582196,-90.87206121493828,123.0287093262278, -0.7429578117066549,-32.15881869315979,0.628980204109257
2024-08-20 06:31:37,-0.10538283154329398,-90.03536703773266,122.51728129949194, -0.19623089761677381,-32.482066492128716,0.1655326399661008
2024-08-20 06:31:37,-0.026250067260261023,-89.29859615837304,121.75088779786718, -0.048919496441620414,-32.452301095748425,0.041280155282667444
2024-08-20 06:31:37,0.017341230144649583,-88.73709913349573,121.00585808187712, 0.03248081793956473,-32.26876310456863,-0.027464254843802022
2024-08-20 06:31:38,0.05260864859156514,-88.1267486560721,120.00337891507174, 0.099620159093734,-31.876669096852645,-0.08459614768061985
2024-08-20 06:31:38,-0.09126016368851,-87.47809264301085,119.14106947323822, -0.1738544035125721,-31.6630946778452,0.14797619626702213
2024-08-20 06:31:38,-0.3668193316797117,-86.45930463822654,118.09547431522694, -0.6993130761889144,-31.63807559959021,0.595388276463848
2024-08-20 06:31:38,-0.5373422150310997,-85.51988364868589,117.11271116169213, -1.0256190589062362,-31.596924112147274,0.8736018391614255
2024-08-20 06:31:38,-0.6785508223984212,-84.82839944949654,116.38544254457562, -1.2963989511605256,-31.563584594841554,1.1046610674910349
2024-08-20 06:31:38,-0.5546385718355511,-84.32334435179952,115.60283594042475, -1.0681384897183754,-31.28391010451857,0.9128646767122598
2024-08-20 06:31:38,-0.5589144079373822,-83.76443419620819,114.86944038571725, -1.081798119799247,-31.109524033928015,0.9262446060240301
2024-08-20 06:31:39,-0.62599887483191,-83.13569231753091,114.13867148045739, -1.2152028822040355,-31.008669387176138,1.04157890878233
2024-08-20 06:31:39,-0.8187771975881253,-82.70999047439476,113.42888303073971, -1.602539292663166,-30.728736613246443,1.3776303141286736
2024-08-20 06:31:39,-0.8880625964315129,-82.14965631525097,112.68718859254028, -1.7473994713313838,-30.549196400921737,1.5049688112148296
2024-08-20 06:31:40,-0.8747667208200544,-82.98804487242356,113.50325563947017, -1.722386455236017,-30.526538383020743,1.4837686330344613
2024-08-20 06:31:40,-0.8751162358877232,-83.78450570908352,114.30953751865394, -1.7225737008888018,-30.53636403813514,1.483779949680882
2024-08-20 06:31:40,-0.9161595975693156,-84.5926709689245,115.19222152959756, -1.7993596826907698,-30.611933641521112,1.5487256999111272
2024-08-20 06:31:40,-0.9411221274489148,-85.2082880823982,115.91645431507352, -1.8424631988448423,-30.721176827847344,1.5840408636669383
2024-08-20 06:31:40,-0.95195770148735,-85.83218340002573,116.63603013374986, -1.8584464236644076,-30.817108112377376,1.596193630200147
2024-08-20 06:31:40,-1.0042170547002345,-86.63835837683017,117.4735001959112, -1.9586191872431093,-30.849880513754197,1.6816738187494102
2024-08-20 06:31:40,-1.1024834954209968,-87.33135100200126,118.14114628201206, -2.1517440731403217,-30.827576557424944,1.8479594704062061
2024-08-20 06:31:40,-1.261038137904057,-88.19524050265863,119.01079251657372, -2.4605220218533463,-30.83880812771269,2.1129771486910847
2024-08-20 06:31:40,-1.3972511307413231,-88.87129217563674,119.73704358364265, -2.722026698559902,-30.89424375932267,2.336279264083378
2024-08-20 06:31:41,-1.6249071754516746,-89.61352330520015,120.55768282183251, -3.1577000005051223,-30.982567207054714,2.7078981211490682
2024-08-20 06:31:41,-1.7758730824114817,-90.42853795597611,121.41747540999633, -3.4460942186164676,-31.03472673972063,2.9537492602397952
2024-08-20 06:31:41,-2.0090342959085343,-91.25307783694686,122.20315597751168, -3.901973416332999,-31.008758226517667,3.345708706229025
2024-08-20 06:31:41,-2.0689872592321947,-92.45200265080715,123.39548249778784, -4.01890774616401,-31.005727038461053,3.4461681524914978
2024-08-20 06:31:41,-2.145112635982627,-93.38930408854948,124.36237027567049, -4.162829067903904,-31.039895037281564,3.5684155136050886
2024-08-20 06:31:41,-2.4448423599453615,-94.16333180457444,125.1715313539921, -4.737839540513393,-31.094860362277245,4.05954134867457
2024-08-20 06:31:41,-2.59997522453576,-94.81653079484059,125.83634380975698, -5.035678700681112,-31.11775767309313,4.314043324148237
2024-08-20 06:31:41,-2.729860358668117,-95.54246974175149,126.45975546869623, -5.301917380135348,-31.02568052690264,4.546849769176137
2024-08-20 06:31:41,-2.8760925838078077,-96.26758881868633,126.98526760599013, -5.617142851311635,-30.83892715964047,4.8270040375394965
2024-08-20 06:31:41,-2.9053323996967793,-97.1093208178151,127.6698537094767, -5.700136765103392,-30.68502759814313,4.906245772181763
2024-08-20 06:31:41,-2.9851346788972557,-97.91135259287871,128.36628188939858, -5.874127913578877,-30.58689487581354,5.061377793919567
2024-08-20 06:31:41,-2.9295517087369176,-98.93126196697584,129.21627703050126, -5.794356773332654,-30.412986017971704,5.001410830002136
2024-08-20 06:31:41,-2.8742908754665675,-99.60656291700859,129.84968580229273, -5.692677121234031,-30.36652759069758,4.915822381559812
2024-08-20 06:31:41,-2.9308960048089676,-100.45414015481639,130.59252379287753, -5.822361552014789,-30.267224965878224,5.03307592285925
2024-08-20 06:31:41,-2.970452722704164,-101.31145422875144,131.24491168078555, -5.93688411226148,-30.06688474608508,5.142636991079958
2024-08-20 06:31:41,-2.9943161487688124,-102.15879350498591,131.82044570391375, -6.033735336449936,-29.798720444193787,5.240711345076049
2024-08-20 06:31:42,-2.8214441789422544,-103.22828000319151,132.55452506737976, -5.745934276826937,-29.449642964808675,5.007543885189259
2024-08-20 06:31:42,-2.738359452742657,-104.07338326711127,133.122020253419, -5.6258326715101665,-29.166214268259765,4.916278627208424
2024-08-20 06:31:42,-2.604670370496154,-105.18168625923167,133.71189250275984, -5.440760722271557,-28.63890161737843,4.778421099636571
2024-08-20 06:31:42,-2.7085605945357534,-106.09071487440214,134.13083892442802, -5.74674166080783,-28.160069430331514,5.0702960909087
2024-08-20 06:31:42,-2.777460311656843,-106.96216461556176,134.6033650146892, -5.969765211584293,-27.769447033284766,5.286370843052267
2024-08-20 06:31:42,-2.9277063125515306,-107.94350689171083,135.18172919352946, -6.375810201211814,-27.383141625166296,5.666344407153008
2024-08-20 06:31:42,-3.1573142464072115,-108.77046080614662,135.73993670042313, -6.934853551097298,-27.13989278404747,6.177558283863346
2024-08-20 06:31:42,-3.4492537579223197,-109.50423013273182,136.4476662191264, -7.5771137263738515,-27.14692818321218,6.7505863758086715
2024-08-20 06:31:42,-3.5983578174243838,-110.39632557676234,137.28997722590972, -7.914800449905165,-27.115516908857757,7.054175656307211
2024-08-20 06:31:42,-3.688910902139839,-110.96973796817656,137.96231216189358, -8.084752123498967,-27.22471118014213,7.19908746278532
2024-08-20 06:31:43,-3.814588986781089,-110.02634063927391,137.31990158317095, -8.273145066341073,-27.53854713694308,7.346679359408545
2024-08-20 06:31:43,-3.8694501362893714,-109.58829547544488,136.4615703158067, -8.510273300083941,-27.129888550083276,7.585493679783426
2024-08-20 06:31:43,-3.9098286573943652,-109.29632998123562,135.75979461982118, -8.719469436262608,-26.73010634374976,7.799805422312241
2024-08-20 06:31:43,-3.9441577463270883,-108.93160724599954,134.95688052806906, -8.93037254753699,-26.301825421569937,8.018534812732007
2024-08-20 06:31:43,-3.955071240110278,-108.52378480728716,134.14063940252097, -9.085457523769348,-25.899981613139254,8.1859368643109
2024-08-20 06:31:43,-3.9768429918192134,-108.04225058916909,133.27745301973613, -9.261467503073108,-25.526344998647648,8.370915330455441
2024-08-20 06:31:43,-3.9101122949970892,-107.27612597658373,132.33819185708126, -9.166029218853549,-25.345770299452727,8.296635246011919
2024-08-20 06:31:43,-3.849639656344644,-106.59537596807527,131.51860607724305, -9.072459821352075,-25.20000247000411,8.221416111331603
2024-08-20 06:31:43,-3.7108928154897813,-105.89074427034133,130.6052218649138, -8.817830275742837,-24.974207565730108,8.004569847389131
2024-08-20 06:31:43,-3.5839245207664776,-105.20949549505119,129.89513627541766, -8.52903284891506,-24.92830511972352,7.7445611249136
2024-08-20 06:31:44,-3.289468144992123,-104.45042715811888,129.40401711773373, -7.757909436844872,-25.15569812085849,7.029859309408981
2024-08-20 06:31:44,-3.034747871550736,-103.67074702395679,128.86386113674757, -7.099451262318606,-25.363384300632898,6.421145547785607
2024-08-20 06:31:44,-2.9270725631866865,-102.84376019403939,128.19330571752997, -6.81042376827402,-25.506874508467522,6.151997618261465
2024-08-20 06:31:44,-2.8354949424765934,-101.71741826154104,127.2846812251031, -6.546905570314217,-25.713498558810453,5.903424165762498
2024-08-20 06:31:44,-2.74340506222227,-100.5782091773412,126.40397821220017, -6.277054004962911,-25.961120863782384,5.647967169744138
2024-08-20 06:31:44,-2.674653622874893,-99.45518680059695,125.74883612668916, -6.020114590066776,-26.41969547893987,5.3952912616904385
2024-08-20 06:31:44,-2.356426041265986,-98.75480136169054,125.34904631277274, -5.251976024721762,-26.690858983225688,4.6949913433100425
2024-08-20 06:31:44,-1.8461126142765547,-97.98666802848894,125.16531775275521, -4.0364074588810634,-27.23651172000124,3.590113534147938
2024-08-20 06:31:44,-1.1425096271052664,-97.4158481123587,125.29935460872102, -2.4417988219836566,-27.905027244578243,2.158163721853943
2024-08-20 06:31:44,-0.6367906292106662,-97.01942610005503,125.38450988478436, -1.3401740895023213,-28.37163720943156,1.179246176486071
2024-08-20 06:31:44,-0.0947457903205392,-96.60290326744396,125.42851322913438, -0.19650819381238072,-28.825752305155568,0.17215903248873765
2024-08-20 06:31:44,0.4152977642607477,-96.1483301052584,125.41674333368357, 0.8494032383158745,-29.271098636463783,-0.7409610268239326
2024-08-20 06:31:44,0.894557156752134,-95.7677201071072,125.35956810043238, 1.811055107269236,-29.604142406448467,-1.5747665260366657
2024-08-20 06:31:44,1.5412280933702773,-95.46825052719207,125.32027834783415, 3.094052876071434,-29.888124852595347,-2.6831913806360923
2024-08-20 06:31:44,2.1958729065020424,-95.28209935680775,125.40478906082862, 4.369182194881369,-30.19512519869638,-3.7782121473295884
2024-08-20 06:31:44,2.8006912818813907,-95.0389634221637,125.52656377187151, 5.507588934346648,-30.603641438105193,-4.7442177088486055
2024-08-20 06:31:44,3.371971920580502,-94.91477060497391,125.67626904186253, 6.5714196571216075,-30.927749170331452,-5.64359509595522
2024-08-20 06:31:44,4.091650806798267,-94.60278560731706,125.73286366676814, 7.877940732575903,-31.371039371599252,-6.737775150046918
2024-08-20 06:31:44,4.58245907198061,-94.12748176962637,125.42601138940614, 8.770652791798733,-31.598490000532124,-7.486327967079337
2024-08-20 06:31:44,5.095819361933483,-93.7793644447809,125.25843755352415, 9.69093794264857,-31.846996608145798,-8.25390072294181
2024-08-20 06:31:44,5.76189722584086,-93.45117155002359,125.34907854729366, 10.811024150164211,-32.36001815093205,-9.163105299297174
2024-08-20 06:31:45,6.282575591752731,-93.43787872867749,125.6980267481059, 11.65428655537783,-32.8012631464695,-9.835671362479575
2024-08-20 06:31:45,6.895225995697511,-93.47651222643293,126.08167157049684, 12.648829429378456,-33.24739694662543,-10.62995873956702
2024-08-20 06:31:45,7.385600148222852,-93.47040976816727,126.42167426145903, 13.404031295456223,-33.67752933979142,-11.216969153668138
2024-08-20 06:31:45,7.890503243876076,-93.30398528849993,126.57425670512866, 14.178222007161319,-34.088158216787946,-11.817292173495904
2024-08-20 06:31:45,8.433362777327634,-93.29793857606866,126.93098454121602, 14.985779827589026,-34.55328368100394,-12.432754372073129
2024-08-20 06:31:45,9.025101931889587,-93.2495697639966,127.46848347232323, 15.771956935676323,-35.248389032666815,-12.988631373122283
2024-08-20 06:31:45,9.55273611727198,-92.91270067065237,127.55943735418327, 16.489542283339084,-35.780278417470605,-13.503676125792222
2024-08-20 06:31:45,10.227784987551303,-92.56802181700058,127.6055479542585, 17.446609317403535,-36.31574798465688,-14.210378561731737
2024-08-20 06:31:45,10.821760497230466,-92.1172449529462,127.42186138299691, 18.302141136985206,-36.71897540241267,-14.849170606994413
2024-08-20 06:31:45,11.391530176272738,-91.7914721981127,127.48273226667602, 19.05220931508458,-37.23380665784562,-15.373914192773045
2024-08-20 06:31:46,11.039941712736994,-92.47068663577109,127.93116914838139, 18.587999553422524,-36.92311600033479,-15.048447983749877
2024-08-20 06:31:46,10.52527898936481,-92.94656050367898,127.90394275780208, 17.966272532781034,-36.31351997549059,-14.643547528644326
2024-08-20 06:31:46,9.892674910389085,-93.5156543668931,127.9350542886371, 17.14663278588505,-35.64368996971435,-14.07560350395636
2024-08-20 06:31:46,9.096259109728331,-93.98645525284414,127.88128280063933, 16.018770180174844,-34.952840206308466,-13.24159817678932
2024-08-20 06:31:46,8.260638975299628,-94.40048171556626,127.61488547710485, 14.844445525574326,-34.11164182767335,-12.376816340045501
2024-08-20 06:31:46,7.466253742855571,-94.82329910237303,127.25676951664428, 13.731522579707427,-33.19010706988118,-11.557193206999251
2024-08-20 06:31:46,6.734952193391003,-95.06286136194157,126.92286208406244, 12.610755512035556,-32.490625683452265,-10.686405154358692
2024-08-20 06:31:46,6.127682980171406,-95.43723256553022,126.86985995673376, 11.632699160479712,-31.964216297829765,-9.906887513461935
2024-08-20 06:31:46,5.664612610980075,-95.91264789972352,127.09197517894277, 10.84585352745913,-31.638656161768218,-9.264178611138032
2024-08-20 06:31:46,5.183120934322417,-96.35632368514891,127.39217699809113, 9.978489431614872,-31.423036208566316,-8.538429787209092
2024-08-20 06:31:46,4.377031507200073,-96.51022753884928,127.51544058394246, 8.451900382308239,-31.28215642044347,-7.237282379060842
2024-08-20 06:31:46,3.7375633364475593,-96.78504540074567,127.73315989062364, 7.239378928089916,-31.150747442271353,-6.204344202700083
2024-08-20 06:31:46,3.0896319895477005,-97.07340980631969,127.93966473501166, 6.006002786062362,-31.005314419987712,-5.152863154904926
2024-08-20 06:31:46,2.432468800656797,-97.21117361240607,127.99459725640719, 4.744806003508005,-30.869975994400832,-4.075078049217206
2024-08-20 06:31:47,1.6274637792701956,-97.25735490455915,128.03035278037908, 3.178480344779752,-30.811788439902415,-2.7305868616536646
2024-08-20 06:31:47,1.2571708979178526,-96.99409966119977,128.44015923017838, 2.40874520868399,-31.468605997719592,-2.0548120309634315
2024-08-20 06:31:47,1.099138524738501,-96.02388319462852,128.32058604119752, 2.05651066402637,-32.31337753863722,-1.738246614859297
2024-08-20 06:31:47,0.88592643442666,-94.90839860258217,127.73747732886952, 1.633831611054072,-32.83969310207923,-1.3728402288005337
2024-08-20 06:31:47,0.7387590919223217,-94.18488934722181,127.69067782648898, 1.3381110545339305,-33.51298177015682,-1.1157263041849104
2024-08-20 06:31:47,1.0529009678016523,-93.61757270937062,127.79215419243394, 1.8739776682842966,-34.188827461502164,-1.5503104274581878
2024-08-20 06:31:47,1.602271362582798,-93.01035301290806,127.74110229132252, 2.8108567903307633,-34.76305200080668,-2.309769107373689
2024-08-20 06:31:47,2.0499062462517994,-92.3729834887214,127.61637944847818, 3.549352050630228,-35.29525728573685,-2.898166509054607
2024-08-20 06:31:47,2.4942319552912653,-91.72137324381573,127.41263019143436, 4.269990783972079,-35.766752867498816,-3.46687518371979
2024-08-20 06:31:47,2.97678483143508,-91.15562613380429,127.26798626803296, 5.042277577517914,-36.21819881611536,-4.071638421741874
2024-08-20 06:31:47,3.4835116980544987,-90.8335539541212,127.37733877505471, 5.837284582578879,-36.68638405296941,-4.686802975060423
2024-08-20 06:31:48,3.961739967871049,-90.26056672614234,127.32424526523738, 6.555041199476138,-37.24457159932614,-5.2265432341987825
2024-08-20 06:31:48,4.35707550803825,-89.72916730713636,127.1772084744486, 7.142367925957265,-37.66371553043598,-5.6649127798750065
2024-08-20 06:31:48,4.831857371767844,-89.25223668425923,127.02021466421316, 7.858300889308438,-38.0300126501057,-6.204629283726146
2024-08-20 06:31:48,5.2366001929012285,-88.29907964805825,126.52618336301192, 8.425168590270179,-38.529682084587094,-6.609333687982933
2024-08-20 06:31:48,5.497341026895863,-87.43741465311037,125.99501237157203, 8.777565506340686,-38.88702326333057,-6.8534117910867325
2024-08-20 06:31:48,5.696079904857209,-86.63897233725875,125.60292213297164, 9.013072530308547,-39.312450749794856,-6.996548195060357
2024-08-20 06:31:48,5.9917844093406165,-85.89899032104968,125.44081142445958, 9.361802527931022,-39.91946856484956,-7.206352426371842
2024-08-20 06:31:48,6.288789334886201,-85.21975917063142,125.28457771578262, 9.715673013597383,-40.473046036097266,-7.420713676485573
2024-08-20 06:31:48,6.469387890484593,-84.30122906924319,124.74962129637997, 9.9143272783184,-40.87449999989899,-7.52876293145346
2024-08-20 06:31:48,6.61918147993768,-83.53980794734687,124.33433350957209, 10.071452354898712,-41.23511157481417,-7.607799335317593
2024-08-20 06:31:48,6.852657039407652,-82.81955145680598,124.15617411396771, 10.312185672392888,-41.79980194994708,-7.724466646957507
2024-08-20 06:31:48,7.12108521816621,-82.22767152389018,124.15806423612794, 10.589642825721,-42.42011309895488,-7.858075861083101
2024-08-20 06:31:49,7.328750493074157,-81.52825290161755,123.86438980902462, 10.811495633695952,-42.847395969262514,-7.970265212211684
2024-08-20 06:31:49,7.403862208477078,-80.63800202269935,123.31500640986573, 10.85188277937319,-43.192596153737256,-7.95608944442299
2024-08-20 06:31:49,7.484597626705305,-79.84639860346518,122.90157342749045, 10.892820240415725,-43.5751399422592,-7.936845291747383
2024-08-20 06:31:49,7.8110339920348455,-79.2524471565656,122.8248995843805, 11.25596306276866,-44.12840737037697,-8.129881700142407
2024-08-20 06:31:49,8.21435316368856,-78.88334865263127,122.84751191827581, 11.747024305228852,-44.57032596093769,-8.426436597966685
2024-08-20 06:31:49,8.544970909905398,-79.06991683390761,123.35412010139981, 12.14459860297073,-44.93255842892085,-8.66214263822854
2024-08-20 06:31:50,8.831910974945497,-79.2137731083737,123.90490479350532, 12.458376983755063,-45.37375641982913,-8.821953871745771
2024-08-20 06:31:50,8.976301689940406,-79.95608676989214,124.42357549682667, 12.707393464619868,-45.17789012542335,-9.031801606822919
2024-08-20 06:31:50,8.725725713699966,-80.40423876435086,124.29557064650984, 12.482805477027007,-44.57641305505609,-8.961303177965998
2024-08-20 06:31:50,8.332280630130404,-80.97349653974432,124.14640662852757, 12.082336188447533,-43.813757308501515,-8.780722774797423
2024-08-20 06:31:50,7.979377663618803,-81.24697684264339,123.50277039453086, 11.774969108758693,-42.86285361369549,-8.687273271097265
2024-08-20 06:31:52,7.675038504996824,-82.0663497068694,124.80553760200021, 11.231109738612776,-43.29179193286858,-8.22418427962355
2024-08-20 06:31:52,7.532172356262164,-82.72797840206519,125.4028853814095, 11.037908000525384,-43.208447520565976,-8.091967497874736
2024-08-20 06:31:52,7.675038504996824,-82.0663497068694,124.80553760200021, 11.231109738612778,-43.291791932868584,-8.22418427962355
2024-08-20 06:31:52,7.532172356262164,-82.72797840206519,125.4028853814095, 11.037908000525384,-43.208447520565976,-8.091967497874736
2024-08-20 06:31:52,7.533264364937102,-84.0394195689266,126.44356253229907, 11.095077439696226,-42.94287272973194,-8.169222320155951
2024-08-20 06:31:52,7.492377627367228,-85.33543967039813,127.07340933636291, 11.175157237477489,-42.283378586163494,-8.315259212579862
2024-08-20 06:31:52,7.107557156625523,-86.45166079262867,126.85799909903835, 10.88858604499141,-40.920845354604396,-8.270164403112958
2024-08-20 06:31:53,6.901276468520972,-86.93073880010058,126.63589715434264, 10.728260661611696,-40.202496599246025,-8.233868922470787
2024-08-20 06:31:53,6.577360560051578,-87.23279312006984,126.2205919648115, 10.38519971933577,-39.451387808754085,-8.054583341341191
2024-08-20 06:31:53,6.901276468520972,-86.93073880010058,126.63589715434264, 10.728260661611696,-40.202496599246025,-8.233868922470787
2024-08-20 06:31:53,6.214413616825992,-87.35276420161944,125.66297900938588, 9.962425943431047,-38.73439035652889,-7.8019336472710386
2024-08-20 06:31:53,5.848765777242478,-87.86070130010694,125.26698876077648, 9.571718183858058,-37.79459228650502,-7.590138842325391
2024-08-20 06:31:53,5.709631838689232,-88.7438959585695,125.47033358583845, 9.491891504569253,-37.10574445168365,-7.595223082447459
2024-08-20 06:31:53,5.545631085116407,-89.4235520259094,125.54088886512805, 9.353787159378452,-36.48325723265267,-7.544359785781615
2024-08-20 06:31:53,5.138558079373504,-88.89529817933953,125.56160578202861, 8.563882832575487,-36.97450700355067,-6.86015132851507
2024-08-20 06:31:53,5.153017598411957,-87.72744377813837,125.2234719919324, 8.427122938162746,-37.79682857072525,-6.677064534792893
2024-08-20 06:31:53,5.208203206740446,-86.69014381760564,124.59324018488053, 8.43974152430734,-38.20589888494412,-6.650251392185009
2024-08-20 06:31:53,4.756030432059119,-86.08677661184997,124.10584600004438, 7.693003796672061,-38.270699608675386,-6.053656203961098
2024-08-20 06:31:53,4.223865721228814,-86.2134526993449,124.20081889257776, 6.84237695200679,-38.186202375383196,-5.387923531300891
2024-08-20 06:31:53,3.670267708883779,-86.31737567572557,124.20695450526756, 5.962822730157225,-38.0403358155909,-4.702622735634542
2024-08-20 06:31:53,2.8523641509613267,-86.38965444973346,124.27504967265637, 4.638588631572508,-37.97653452927776,-3.6594523017067995
2024-08-20 06:31:53,1.9427380684950817,-86.35142453119605,124.06568367800054, 3.1738086541662787,-37.756827405971194,-2.510228177817442
2024-08-20 06:31:54,1.2672153678047748,-86.3007519540262,123.7257966091284, 2.084605449535938,-37.443352457052725,-1.6553525103411162
2024-08-20 06:31:54,0.7396308366106081,-86.23950376282477,123.44925768425155, 1.2229488155707895,-37.21604059707185,-0.9739623837846431
2024-08-20 06:31:54,-0.2295308488406943,-86.41534453600946,122.92380447528826, -0.3858003152221583,-36.509081069638526,0.31009351340773506
2024-08-20 06:31:54,-1.0183223752068689,-86.90221644805376,122.84919381226977, -1.7343365422417136,-35.95945481012663,1.4039766184294278
2024-08-20 06:31:54,-1.6884870133222776,-87.85466792337047,123.35876777588972, -2.9057170487593424,-35.5389570560684,2.365126379177474
2024-08-20 06:31:54,-2.4803710800896703,-88.36848437306452,123.41696190772176, -4.313708631275018,-35.12493000352438,3.5303867139053597
2024-08-20 06:31:54,-3.242865820367842,-88.72825098011631,123.2893659858854, -5.703663259726511,-34.69407853943825,4.694586764917064
2024-08-20 06:31:54,-3.957107739186015,-89.2268721199635,123.22107850230952, -7.0529567246990705,-34.19623122309312,5.842930185664363
2024-08-20 06:31:54,-4.572892340532458,-89.4036609662561,122.60277174530518, -8.31055163880028,-33.47681254092949,6.946692177573864
2024-08-20 06:31:54,-5.169259656475836,-89.68027159688427,122.0438564520517, -9.592575643805755,-32.729454917442425,8.091615598202543
2024-08-20 06:31:54,-5.717317377258629,-90.2106530679605,121.73009248895133, -10.841386877462636,-31.981163141217632,9.226656241427422
2024-08-20 06:31:54,-6.105499688371022,-90.77660245043963,121.57243977926792, -11.800854109891858,-31.33683702737487,10.117885976822313
2024-08-20 06:31:54,-6.462901323857844,-91.4242978563499,121.5164967776742, -12.731096390879012,-30.714708887969408,10.992081791556467
2024-08-20 06:31:54,-6.72085070805142,-91.92493033949334,121.21415604940943, -13.543288595870154,-29.983666973628516,11.785170216239543
2024-08-20 06:31:54,-6.9236805963187305,-92.67894981056122,121.19228986989336, -14.272303207158924,-29.273195767421075,12.511049091941615
2024-08-20 06:31:54,-7.021265097652602,-93.28359833452848,121.09647546425519, -14.786698975621489,-28.61671172577553,13.046229248723243
2024-08-20 06:31:54,-7.011183766791358,-93.49791409149672,120.49914503982261, -15.156626129636425,-27.83030079165091,13.471328047830266
2024-08-20 06:31:54,-6.905414554066196,-93.76319798487168,120.12268033050051, -15.257259558982753,-27.186232738874214,13.638332399400202
2024-08-20 06:31:54,-6.4299809163837915,-93.92587711989259,119.9573203280372, -14.402038665843678,-26.75992675954962,12.914223791957594
2024-08-20 06:31:55,-5.664548898646183,-93.77699495668682,120.11156977637215, -12.603610946869546,-26.89430301872497,11.277393345705393
2024-08-20 06:31:55,-5.0345493747738885,-93.75617909473718,120.2998232581775, -11.152098805980115,-26.982791301099155,9.96387373225069
2024-08-20 06:31:55,-4.441067133891867,-93.78695455096505,120.45782657272252, -9.816662521963304,-27.011337746031835,8.763440416550765
2024-08-20 06:31:55,-4.006259442197244,-93.79777343914128,120.9538639692893, -8.723930498790065,-27.427773556315366,7.755967767644073
2024-08-20 06:31:55,-3.6258125603542664,-93.73467673019628,121.47877244768405, -7.751454198647056,-27.96135127892352,6.85575259075764
2024-08-20 06:31:55,-3.2883861676508275,-93.57879456523031,122.00005070099094, -6.8833803033054926,-28.595091847780587,6.050427626526005
2024-08-20 06:31:55,-2.7375012143582405,-93.37490697395361,122.63430322673008, -5.587348188250307,-29.375892086693433,4.872640424774293
2024-08-20 06:31:55,-2.3261948601952764,-93.26510499143636,123.35752304745634, -4.631868228621019,-30.17379334314116,4.0064752887368575
2024-08-20 06:31:55,-2.046855360895976,-93.13280645231809,123.87691878695853, -3.999180299138694,-30.805518887721966,3.436400941900354
2024-08-20 06:31:55,-1.8597162049327909,-92.68063367310377,124.34150420981263, -3.539789929917098,-31.70977513454943,3.012433575611825
2024-08-20 06:31:55,-1.6160816461641596,-92.1667431788535,124.66571367591042, -3.005906825110393,-32.534727607499995,2.534849156503392
2024-08-20 06:31:55,-1.4754610175575482,-92.01788372603097,125.1909752509099, -2.695137016290015,-33.20214008555291,2.255638083810188
2024-08-20 06:31:55,-1.3105424420608651,-91.81608876386932,125.70687522089942, -2.34937054450888,-33.91309156960321,1.9500471042580736
2024-08-20 06:31:55,-1.130785423655857,-91.31317223287711,126.08376874510425, -1.9822841920237726,-34.78666538907064,1.6282257769699382
2024-08-20 06:31:55,-1.012567485876123,-90.88117552180479,126.3745376810141, -1.7436190622897094,-35.505906729536285,1.419550746945856
2024-08-20 06:31:55,-0.9596920411832921,-90.29785755342817,126.47066980479438, -1.6256986471512125,-36.18380309605006,1.3122683907497699
2024-08-20 06:31:56,-1.496885745131559,-89.8607488879965,125.81165419957708, -2.5485601803565134,-35.97785668569721,2.0628767218105155
