time,a1,a2,a3,a4,a5,a6
2024-10-30 08:35:35,0.0,-89.06733537670164,126.49891942656018, 0.0,-37.43158404985853,0.0
2024-10-30 08:35:35,0.0,-88.10343424566798,126.96446472919655, 0.0,-38.86103048352858,0.0
2024-10-30 08:35:35,0.0,-87.78966233490945,127.10538191176097, 0.0,-39.315719576851535,0.0
2024-10-30 08:35:35,0.0,-87.75421275158001,127.12099063095805, 0.0,-39.36677787937804,0.0
2024-10-30 08:35:35,0.0,-87.57735345466594,127.19793531108887, 0.0,-39.62058185642294,0.0
2024-10-30 08:35:35,0.0,-87.470664866706,127.24361260853611, 0.0,-39.77294774183013,0.0
2024-10-30 08:35:35,0.0,-87.36348491426334,127.28894835515833, 0.0,-39.92546344089501,0.0
2024-10-30 08:35:35,0.0,-87.21121598549142,127.35241736527296, 0.0,-40.14120137978152,0.0
2024-10-30 08:35:35,0.0,-87.1753077193557,127.36722582337023, 0.0,-40.19191810401452,0.0
2024-10-30 08:35:35,0.0,-87.1393475481996,127.38199539648163, 0.0,-40.24264784828205,0.0
2024-10-30 08:35:36,0.0,-87.2568423402321,127.33351405134933, 0.0,-40.076671711117235,0.0
2024-10-30 08:35:36,0.0,-88.10095251757375,126.965599011945, 0.0,-38.86464649437128,0.0
2024-10-30 08:35:36,0.0,-89.25143828182675,126.40406408877988, 0.0,-37.15262580695313,0.0
2024-10-30 08:35:36,0.0,-89.80090481846585,126.10881678123485, 0.0,-36.30791196276901,0.0
2024-10-30 08:35:36,0.0,-90.48269931248683,125.71554109486789, 0.0,-35.23284178238109,0.0
2024-10-30 08:35:36,0.0,-91.00463941767782,125.39263225005085, 0.0,-34.387992832373044,0.0
2024-10-30 08:35:36,0.0,-91.88041685471293,124.80367063338771, 0.0,-32.92325377867479,0.0
2024-10-30 08:35:36,0.0,-92.49661570634939,124.3498892898267, 0.0,-31.853273583477318,0.0
2024-10-30 08:35:36,0.0,-92.78622656757858,124.12419896210585, 0.0,-31.337972394527295,0.0
2024-10-30 08:35:36,0.0,-92.89411418450702,124.03796867548179, 0.0,-31.14385449097479,0.0
2024-10-30 08:35:36,0.0,-92.97437201185099,123.97304054017658, 0.0,-30.998668528325616,0.0
2024-10-30 08:35:37,0.0,-92.9480323528977,123.9944233978176, 0.0,-31.046391044919922,0.0
2024-10-30 08:35:37,0.0,-92.7760180129247,124.13229664362447, 0.0,-31.35627863069977,0.0
2024-10-30 08:35:37,0.0,-92.13803989687568,124.61816066257038, 0.0,-32.48012076569469,0.0
2024-10-30 08:35:37,0.0,-91.65283620754445,124.96275008254314, 0.0,-33.309913874998706,0.0
2024-10-30 08:35:37,0.0,-91.04195634117002,125.36877566182002, 0.0,-34.326819320649996,0.0
2024-10-30 08:35:37,0.0,-90.56874580249988,125.66365829527138, 0.0,-35.09491249277152,0.0
2024-10-30 08:35:37,0.0,-90.19963022613346,125.8825986068997, 0.0,-35.68296838076625,0.0
2024-10-30 08:35:37,0.0,-89.6878033375787,126.17111734461679, 0.0,-36.483314007038096,0.0
2024-10-30 08:35:37,0.0,-89.20358261823502,126.42891227107982, 0.0,-37.22532965284481,0.0
2024-10-30 08:35:37,0.0,-88.66492514504712,126.6994732225626, 0.0,-38.03454807751549,0.0
2024-10-30 08:35:37,0.0,-88.30959681379275,126.86911742531962, 0.0,-38.55952061152688,0.0
2024-10-30 08:35:37,0.0,-87.99129383719641,127.01540259842267, 0.0,-39.02410876122626,0.0
2024-10-30 08:35:37,0.0,-87.64128491073004,127.1702986128658, 0.0,-39.52901370213577,0.0
2024-10-30 08:35:37,0.0,-87.36690636660693,127.2875096077578, 0.0,-39.920603241150864,0.0
2024-10-30 08:35:37,0.0,-86.88969778330997,127.48288684075321, 0.0,-40.59318905744325,0.0
2024-10-30 08:35:37,0.0,-86.72498724659683,127.54790164466469, 0.0,-40.82291439806786,0.0
2024-10-30 08:35:37,0.0,-86.50397006735223,127.63324742394269, 0.0,-41.12927735659047,0.0
2024-10-30 08:35:37,0.0,-86.4664837363489,127.64751049042675, 0.0,-41.18102675407786,0.0
2024-10-30 08:35:37,0.0,-86.3548005620586,127.68964403769274, 0.0,-41.334843475634145,0.0
2024-10-30 08:35:37,0.0,-86.20590605371356,127.74498466464242, 0.0,-41.539078610928854,0.0
2024-10-30 08:35:37,0.0,-85.97065582429113,127.83051666695987, 0.0,-41.85986084266874,0.0
2024-10-30 08:35:37,0.0,-85.81833986190307,127.88467247722303, 0.0,-42.06633261531996,0.0
2024-10-30 08:35:38,0.0,-85.70383552572446,127.9247614775155, 0.0,-42.22092595179106,0.0
2024-10-30 08:35:38,0.0,-85.82803607986219,127.88125330111207, 0.0,-42.053217221249874,0.0
2024-10-30 08:35:38,0.0,-86.24109721477393,127.73199002257172, 0.0,-41.49089280779778,0.0
2024-10-30 08:35:38,0.0,-87.5732071927981,127.1997207928818, 0.0,-39.62651360008371,0.0
2024-10-30 08:35:38,0.0,-88.79765163984521,126.63433401190196, 0.0,-37.8366823720568,0.0
2024-10-30 08:35:38,0.0,-89.88978654961525,126.05928612328302, 0.0,-36.16949957366775,0.0
2024-10-30 08:35:38,0.0,-91.02094412573868,125.38222167777604, 0.0,-34.36127755203735,0.0
2024-10-30 08:35:38,0.0,-92.02089487669238,124.70324443947965, 0.0,-32.68234956278731,0.0
2024-10-30 08:35:38,0.0,-93.00402755012098,123.94887842754017, 0.0,-30.9448508774192,0.0
2024-10-30 08:35:38,0.0,-94.36487683961684,122.73054305198447, 0.0,-28.365666212367643,0.0
2024-10-30 08:35:38,0.0,-94.77638514226601,122.3141407000281, 0.0,-27.537755557762107,0.0
2024-10-30 08:35:38,0.0,-95.70318627837173,121.27568889971718, 0.0,-25.572502621345446,0.0
2024-10-30 08:35:38,0.0,-95.89350744041715,121.04273006094193, 0.0,-25.14922262052478,0.0
2024-10-30 08:35:38,0.0,-96.05028069834124,120.84515768077348, 0.0,-24.794876982432243,0.0
2024-10-30 08:35:38,0.0,-96.17506510157172,120.68405528337159, 0.0,-24.50899018179987,0.0
2024-10-30 08:35:38,0.0,-96.19499954711546,120.65799344097108, 0.0,-24.462993893855646,0.0
2024-10-30 08:35:38,0.0,-96.21488686021875,120.63190229476318, 0.0,-24.41701543454445,0.0
2024-10-30 08:35:38,0.0,-96.2347270742036,120.60578187261196, 0.0,-24.371054798408355,0.0
2024-10-30 08:35:38,0.0,-96.25452022242976,120.5796322023355, 0.0,-24.32511197990574,0.0
2024-10-30 08:35:38,0.0,-96.35278114733018,120.44844609954399, 0.0,-24.095664952213802,0.0
2024-10-30 08:35:38,0.0,-96.45382213838877,120.31111456856529, 0.0,-23.857292430176525,0.0
2024-10-30 08:35:38,0.0,-96.54968713643157,120.17846101924495, 0.0,-23.628773882813377,0.0
2024-10-30 08:35:38,0.0,-96.60627206278656,120.09905307937927, 0.0,-23.492781016592723,0.0
2024-10-30 08:35:39,0.0,-96.6251651673107,120.07235277598159, 0.0,-23.44718760867087,0.0
2024-10-30 08:35:39,0.0,-96.64363451082085,120.04615994541271, 0.0,-23.402525434591887,0.0
2024-10-30 08:35:39,0.0,-96.66243403627665,120.01940544917963, 0.0,-23.356971412903,0.0
2024-10-30 08:35:39,0.0,-96.64391544121695,120.04576083514777, 0.0,-23.401845393930817,0.0
2024-10-30 08:35:39,0.0,-95.65894831682203,121.32879584472492, 0.0,-25.669847527902867,0.0
2024-10-30 08:35:39,0.0,-95.2609089495123,121.78998505880352, 0.0,-26.529076109291232,0.0
2024-10-30 08:35:39,0.0,-94.1767092072692,122.9128805551114, 0.0,-28.7361713478422,0.0
2024-10-30 08:35:39,0.0,-93.7390223757919,123.3188921360016, 0.0,-29.579869760209704,0.0
2024-10-30 08:35:39,0.0,-93.31814869874495,123.68712674047825, 0.0,-30.36897804173331,0.0
2024-10-30 08:35:39,0.0,-92.8307189003364,124.08878263949858, 0.0,-31.25806373916216,0.0
2024-10-30 08:35:39,0.0,-92.543217791201,124.31412982618225, 0.0,-31.77091203498125,0.0
2024-10-30 08:35:39,0.0,-91.94368985242807,124.75865170740397, 0.0,-32.814961854975905,0.0
2024-10-30 08:35:39,0.0,-91.4008250257095,125.13386225156812, 0.0,-33.733037225858624,0.0
2024-10-30 08:35:39,0.0,-90.92885651614617,125.44075690691938, 0.0,-34.51190039077323,0.0
2024-10-30 08:35:39,0.0,-90.61134176764547,125.63778081375301, 0.0,-35.02643904610754,0.0
2024-10-30 08:35:39,0.0,-90.34176208909982,125.79940442612393, 0.0,-35.457642337024126,0.0
2024-10-30 08:35:39,0.0,-90.01347989176793,125.98950725742438, 0.0,-35.97602736565647,0.0
2024-10-30 08:35:39,0.0,-89.52676066256788,126.25844322547727, 0.0,-36.731682562909384,0.0
2024-10-30 08:35:39,0.0,-88.84420006180005,126.61125593146238, 0.0,-37.76705586966236,0.0
2024-10-30 08:35:39,0.0,-88.38769676390463,126.83241283044133, 0.0,-38.444716066536714,0.0
2024-10-30 08:35:40,0.0,-88.03348465677102,126.99631385507949, 0.0,-38.962829198308484,0.0
2024-10-30 08:35:40,0.0,-87.69022562806956,127.14900677452468, 0.0,-39.458781146455145,0.0
2024-10-30 08:35:40,0.0,-87.33283907511363,127.30181034497878, 0.0,-39.96897126986514,0.0
2024-10-30 08:35:40,0.0,-87.14252821269164,127.38069145930974, 0.0,-40.238163246618114,0.0
2024-10-30 08:35:40,0.0,-86.99644862426337,127.4400951136811, 0.0,-40.44364648941773,0.0
2024-10-30 08:35:40,0.0,-86.96003806229187,127.45474885641427, 0.0,-40.49471079412241,0.0
2024-10-30 08:35:40,0.0,-86.92306893132194,127.46956552742455, 0.0,-40.546496596102635,0.0
2024-10-30 08:35:40,0.0,-86.84946252348419,127.49888117315876, 0.0,-40.64941864967457,0.0
2024-10-30 08:35:40,0.0,-86.81231474283442,127.51358334381054, 0.0,-40.70126860097613,0.0
2024-10-30 08:35:40,0.0,-86.71893344082433,127.41446471024025, 0.0,-40.69553126941592,0.0
2024-10-30 08:35:41,0.0,-86.04304640733619,126.69213590434236, 0.0,-40.64908949700618,0.0
2024-10-30 08:35:41,0.0,-84.22460021381346,124.70602039957453, 0.0,-40.481420185761095,0.0
2024-10-30 08:35:41,0.0,-82.8152443615806,123.12417115263014, 0.0,-40.308926791049515,0.0
2024-10-30 08:35:41,0.0,-81.81577250727042,121.98006801424941, 0.0,-40.16429550697899,0.0
2024-10-30 08:35:41,0.0,-80.77999669908127,120.77505752127797, 0.0,-39.995060822196734,0.0
2024-10-30 08:35:41,0.0,-80.01305574038709,119.87022345995845, 0.0,-39.857167719571386,0.0
2024-10-30 08:35:41,0.0,-78.76151045622989,118.37089864281737, 0.0,-39.60938818658747,0.0
2024-10-30 08:35:41,0.0,-77.47517162042405,116.80084333463202, 0.0,-39.32567171420797,0.0
2024-10-30 08:35:41,0.0,-76.19612811079153,115.21094633806507, 0.0,-39.014818227273565,0.0
2024-10-30 08:35:41,0.0,-75.66002255326536,114.53613852326902, 0.0,-38.87611597000366,0.0
2024-10-30 08:35:41,0.0,-75.31369725051512,114.09759680241523, 0.0,-38.783899551900134,0.0
2024-10-30 08:35:41,0.0,-75.26891399491797,114.04073988765391, 0.0,-38.77182589273596,0.0
2024-10-30 08:35:41,0.0,-75.12376169060288,113.85622003096027, 0.0,-38.732458340357404,0.0
2024-10-30 08:35:41,0.0,-73.77253246147144,112.12147358306517, 0.0,-38.348941121593725,0.0
2024-10-30 08:35:41,0.0,-72.68807550334124,110.70724985726027, 0.0,-38.01917435391904,0.0
2024-10-30 08:35:41,0.0,-71.70153865974497,109.40404491275973, 0.0,-37.70250625301476,0.0
2024-10-30 08:35:41,0.0,-71.1675551304243,108.69212851252544, 0.0,-37.524573382101146,0.0
2024-10-30 08:35:41,0.0,-70.87781517556881,108.30394300725014, 0.0,-37.42612783168134,0.0
2024-10-30 08:35:41,0.0,-70.83136588288801,108.2415879379657, 0.0,-37.41022205507769,0.0
2024-10-30 08:35:41,0.0,-70.8763456364112,108.30197077147666, 0.0,-37.42562513506546,0.0
2024-10-30 08:35:42,0.0,-71.12142517442173,108.63041399067062, 0.0,-37.50898881624889,0.0
2024-10-30 08:35:42,0.0,-71.9304406440796,109.70782296517181, 0.0,-37.77738232109223,0.0
2024-10-30 08:35:42,0.0,-72.51775633560625,110.48338676496527, 0.0,-37.96563042935903,0.0
2024-10-30 08:35:42,0.0,-73.40898391623205,111.6495351974466, 0.0,-38.240551281214536,0.0
2024-10-30 08:35:42,0.0,-73.80303181351476,112.16096649951307, 0.0,-38.3579346859983,0.0
2024-10-30 08:35:42,0.0,-74.4753064343123,113.02754047637325, 0.0,-38.55223404206096,0.0
2024-10-30 08:35:42,0.0,-75.99076776004802,114.95303771354929, 0.0,-38.96226995350128,0.0
2024-10-30 08:35:42,0.0,-77.37895419404484,116.68223277136045, 0.0,-39.30327857731562,0.0
2024-10-30 08:35:42,0.0,-78.33660419062642,117.85551015444915, 0.0,-39.51890596382273,0.0
2024-10-30 08:35:42,0.0,-79.08576106897598,118.76203608975688, 0.0,-39.6762750207809,0.0
2024-10-30 08:35:43,0.0,-79.20287424559282,118.90284612154834, 0.0,-39.699971875955505,0.0
2024-10-30 08:35:43,0.0,-80.13705683534326,120.01724112191901, 0.0,-39.88018428657574,0.0
2024-10-30 08:35:43,0.0,-81.21233427233614,121.28041787406785, 0.0,-40.06808360173173,0.0
2024-10-30 08:35:43,0.0,-82.23876188077372,122.46651479954211, 0.0,-40.22775291876842,0.0
2024-10-30 08:35:43,0.0,-84.55518679093439,125.07170461175693, 0.0,-40.51651782082257,0.0
2024-10-30 08:35:43,0.0,-86.14946412620606,126.80643825999411, 0.0,-40.656974133788054,0.0
2024-10-30 08:35:43,0.0,-87.63874397837594,128.38358867363442, 0.0,-40.74484469525848,0.0
2024-10-30 08:35:43,0.0,-87.73962506085483,128.4889021177579, 0.0,-40.74927705690309,0.0
2024-10-30 08:35:43,0.0,-89.29261099334495,130.0857235458493, 0.0,-40.79311255250438,0.0
2024-10-30 08:35:43,0.0,-91.8942760331416,132.65801551098735, 0.0,-40.76373947784577,0.0
2024-10-30 08:35:43,0.0,-93.66284788755247,134.33320694309458, 0.0,-40.67035905554209,0.0
2024-10-30 08:35:43,0.0,-95.61504848148336,136.11374819337362, 0.0,-40.498699711890296,0.0
2024-10-30 08:35:43,0.0,-97.509357919311,137.7733328034695, 0.0,-40.26397488415846,0.0
2024-10-30 08:35:43,0.0,-99.12735548491862,139.13835140937482, 0.0,-40.010995924456196,0.0
2024-10-30 08:35:43,0.0,-99.37496681325588,139.34302558018365, 0.0,-39.96805876692778,0.0
2024-10-30 08:35:43,0.0,-99.75508060299869,139.65505992581498, 0.0,-39.899979322816286,0.0
2024-10-30 08:35:43,0.0,-100.46311808403698,140.22932463744579, 0.0,-39.7662065534088,0.0
2024-10-30 08:35:43,0.0,-101.236111163951,140.84599678782655, 0.0,-39.609885623875535,0.0
2024-10-30 08:35:43,0.0,-101.95801850970943,141.41230738892284, 0.0,-39.45428887921342,0.0
2024-10-30 08:35:44,0.0,-102.20436179458844,141.60344616367158, 0.0,-39.39908436908315,0.0
2024-10-30 08:35:44,0.0,-102.45176959222925,141.79433628159916, 0.0,-39.342566689369924,0.0
2024-10-30 08:35:44,0.0,-102.63803222351187,141.9373406391275, 0.0,-39.299308415615656,0.0
2024-10-30 08:35:44,0.0,-102.94983345251013,142.17537018679815, 0.0,-39.22553673428801,0.0
2024-10-30 08:35:44,0.0,-103.27744225430776,142.42364221946616, 0.0,-39.14619996515842,0.0
2024-10-30 08:35:44,0.0,-103.52959188074558,142.6134603753531, 0.0,-39.08386849460755,0.0
2024-10-30 08:35:44,0.0,-103.78295316406592,142.80308341044088, 0.0,-39.02013024637498,0.0
2024-10-30 08:35:44,0.0,-103.97377767997342,142.9451716521227, 0.0,-38.97139397214927,0.0
2024-10-30 08:35:44,0.0,-104.38611087530123,143.25006099279312, 0.0,-38.8639501174919,0.0
2024-10-30 08:35:44,0.0,-104.722668725549,143.4967665365505, 0.0,-38.77409781100149,0.0
2024-10-30 08:35:44,0.0,-104.91689501511102,143.63826253017012, 0.0,-38.721367515059114,0.0
2024-10-30 08:35:44,0.0,-105.25670059137295,143.88427778172561, 0.0,-38.62757719035267,0.0
2024-10-30 08:35:44,0.0,-105.38768198121691,143.9785862707898, 0.0,-38.5909042895729,0.0
2024-10-30 08:35:44,0.0,-105.65027351514148,144.16678684994193, 0.0,-38.51651333480046,0.0
2024-10-30 08:35:44,0.0,-105.7818465684563,144.2606509195398, 0.0,-38.47880435108352,0.0
2024-10-30 08:35:44,0.0,-105.84798592417656,144.30772525265147, 0.0,-38.45973932847491,0.0
2024-10-30 08:35:44,0.0,-105.91397714041709,144.35462129428902, 0.0,-38.440644153871936,0.0
2024-10-30 08:35:44,0.0,-106.04644974605742,144.4485423487825, 0.0,-38.4020926027251,0.0
2024-10-30 08:35:44,0.0,-106.1129422429345,144.49557428237497, 0.0,-38.382632039440466,0.0
2024-10-30 08:35:44,0.0,-106.52792825343194,144.78744566629638, 0.0,-38.25951741286445,0.0
2024-10-30 08:35:44,0.0,-106.96075431216018,145.08883184791677, 0.0,-38.12807753575661,0.0
2024-10-30 08:35:44,0.0,-107.31446565005764,145.33284460635082, 0.0,-38.018378956293205,0.0
2024-10-30 08:35:44,0.0,-107.51902053212572,145.47302726246224, 0.0,-37.954006730336495,0.0
2024-10-30 08:35:44,0.0,-107.2699846015815,145.30227119336823, 0.0,-38.03228659178672,0.0
2024-10-30 08:35:44,0.0,-106.26752177223686,144.60462834322476, 0.0,-38.33710657098791,0.0
2024-10-30 08:35:44,0.0,-105.54079082785465,144.0884608576317, 0.0,-38.54767002977705,0.0
2024-10-30 08:35:44,0.0,-104.2269658512275,143.13273034965312, 0.0,-38.905764498425626,0.0
2024-10-30 08:35:44,0.0,-102.12370800047242,141.54098426961463, 0.0,-39.4172762691422,0.0
2024-10-30 08:35:45,0.0,-100.15308108340412,139.9789762601967, 0.0,-39.825895176792564,0.0
2024-10-30 08:35:45,0.0,-98.07968996891633,138.2599744174989, 0.0,-40.180284448582626,0.0
2024-10-30 08:35:45,0.0,-96.22981003311313,136.6596534275492, 0.0,-40.42984339443606,0.0
2024-10-30 08:35:45,0.0,-94.28616525903504,134.90951023075093, 0.0,-40.62334497171591,0.0
2024-10-30 08:35:45,0.0,-92.67745478741006,133.40715588118098, 0.0,-40.729701093770984,0.0
2024-10-30 08:35:45,0.0,-91.46122213752867,132.23878210750667, 0.0,-40.777559969978,0.0
2024-10-30 08:35:45,0.0,-89.94493810816556,130.74278333415856, 0.0,-40.79784522599297,0.0
2024-10-30 08:35:45,0.0,-87.69575697993527,128.443130358026, 0.0,-40.74737337809074,0.0
2024-10-30 08:35:45,0.0,-86.04829701429887,126.69778054900306, 0.0,-40.64948353470422,0.0
2024-10-30 08:35:45,0.0,-85.52694147803932,126.13476230052547, 0.0,-40.607820822486154,0.0
2024-10-30 08:35:45,0.0,-85.2170080658439,125.79763525720765, 0.0,-40.580627191363746,0.0
2024-10-30 08:35:45,0.0,-85.01519763152686,125.57714705844329, 0.0,-40.56194942691644,0.0
2024-10-30 08:35:45,0.0,-85.063729358893,125.63024032311726, 0.0,-40.56651096422428,0.0
2024-10-30 08:35:45,0.0,-85.430585087016,126.03014517604157, 0.0,-40.599560089025594,0.0
2024-10-30 08:35:45,0.0,-85.52577712485497,126.1334991693482, 0.0,-40.60772204449325,0.0
2024-10-30 08:35:45,0.0,-85.72963451697285,126.3542617195722, 0.0,-40.62462720259934,0.0
2024-10-30 08:35:45,0.0,-85.98314123157031,126.62769825111867, 0.0,-40.644557019548365,0.0
2024-10-30 08:35:45,0.0,-86.35769946822249,127.02948344112346, 0.0,-40.67178397290096,0.0
2024-10-30 08:35:45,0.0,-87.09772350392555,127.81550422971107, 0.0,-40.717780725785516,0.0
2024-10-30 08:35:45,0.0,-87.27958992592485,128.00708750085323, 0.0,-40.72749757492838,0.0
2024-10-30 08:35:45,0.0,-88.26176455806737,129.03089460228603, 0.0,-40.769130044218656,0.0
2024-10-30 08:35:46,0.0,-88.141232221394,129.0781059177062, 0.0,-40.93687369631224,0.0
2024-10-30 08:35:46,0.0,-87.44993592252122,129.33686735067238, 0.0,-41.886931428151165,0.0
2024-10-30 08:35:46,0.0,-85.46813584378428,129.97480578134494, 0.0,-44.50666993756071,0.0
2024-10-30 08:35:46,0.0,-83.83126100382935,130.39928271796438, 0.0,-46.568021714135035,0.0
2024-10-30 08:35:46,0.0,-82.95963028949635,130.5918097466467, 0.0,-47.632179457150364,0.0
2024-10-30 08:35:46,0.0,-82.14536390521809,130.75226859948015, 0.0,-48.60690469426207,0.0
2024-10-30 08:35:46,0.0,-81.73021923737171,130.82720235305823, 0.0,-49.09698311568654,0.0
2024-10-30 08:35:46,0.0,-81.03755899306607,130.94231465733876, 0.0,-49.90475566427269,0.0
2024-10-30 08:35:46,0.0,-79.36745383110707,131.17168208824137, 0.0,-51.80422825713431,0.0
2024-10-30 08:35:46,0.0,-77.78523387649312,131.33066194293258, 0.0,-53.5454280664395,0.0
2024-10-30 08:35:46,0.0,-76.66239185906295,131.4115983597801, 0.0,-54.749206500717136,0.0
2024-10-30 08:35:46,0.0,-76.61035370406482,131.41473570540825, 0.0,-54.80438200134342,0.0
2024-10-30 08:35:46,0.0,-76.56008153374866,131.4177159260513, 0.0,-54.85763439230265,0.0
2024-10-30 08:35:46,0.0,-76.5097653483002,131.42064902458065, 0.0,-54.910883676280456,0.0
2024-10-30 08:35:46,0.0,-76.45940521377942,131.42353497955372, 0.0,-54.96412976577429,0.0
2024-10-30 08:35:46,0.0,-76.4071572860282,131.42647667902247, 0.0,-55.019319392994284,0.0
2024-10-30 08:35:46,0.0,-76.35670274870503,131.42926683670947, 0.0,-55.07256408800444,0.0
2024-10-30 08:35:46,0.0,-76.30620445534208,131.43200977666586, 0.0,-55.125805321323796,0.0
2024-10-30 08:35:47,0.0,-76.20507686841367,131.43735391899506, 0.0,-55.23227705058137,0.0
2024-10-30 08:35:47,0.0,-76.05116758570752,131.4451079967859, 0.0,-55.393940411078376,0.0
2024-10-30 08:35:47,0.0,-75.88640486454119,131.45290456126875, 0.0,-55.566499696727575,0.0
2024-10-30 08:35:47,0.0,-75.72118864639255,131.46020258473175, 0.0,-55.73901393833922,0.0
2024-10-30 08:35:47,0.0,-75.38718525987325,131.4733809363837, 0.0,-56.086195676510435,0.0
2024-10-30 08:35:47,0.0,-75.11762156023667,131.48249600255826, 0.0,-56.36487444232158,0.0
2024-10-30 08:35:47,0.0,-75.06607020793497,131.48408583322404, 0.0,-56.41801562528909,0.0
2024-10-30 08:35:47,0.0,-74.7802628055276,131.49201429656372, 0.0,-56.71175149103613,0.0
2024-10-30 08:35:47,0.0,-74.56009136006665,131.4971061969602, 0.0,-56.93701483689357,0.0
2024-10-30 08:35:47,0.0,-74.50598765480113,131.49822314743753, 0.0,-56.99223549263638,0.0
2024-10-30 08:35:47,0.0,-74.61154654734909,131.49599487441762, 0.0,-56.88444832706852,0.0
2024-10-30 08:35:47,0.0,-74.84568432245781,131.49033143260652, 0.0,-56.644647110148725,0.0
2024-10-30 08:35:47,0.0,-75.76371086391258,131.4583738272859, 0.0,-55.69466296337333,0.0
2024-10-30 08:35:47,0.0,-76.55054931154548,131.41827540764794, 0.0,-54.867726096102466,0.0
2024-10-30 08:35:47,0.0,-78.36780667722937,131.27841379972267, 0.0,-52.9106071224933,0.0
2024-10-30 08:35:47,0.0,-78.74286896863107,131.24093995364888, 0.0,-52.498070985017826,0.0
2024-10-30 08:35:47,0.0,-78.92315978751543,131.2218360115093, 0.0,-52.298676223993866,0.0
2024-10-30 08:35:47,0.0,-79.50689460192795,131.15502678020772, 0.0,-51.64813217827977,0.0
2024-10-30 08:35:47,0.0,-79.79110083307327,131.1197057074723, 0.0,-51.32860487439903,0.0
2024-10-30 08:35:47,0.0,-80.01523229528692,131.09053435439452, 0.0,-51.075302059107585,0.0
2024-10-30 08:35:47,0.0,-80.51800482179581,131.02079291680354, 0.0,-50.50278809500775,0.0
2024-10-30 08:35:47,0.0,-80.98978325752948,130.94980839985874, 0.0,-49.96002514232927,0.0
2024-10-30 08:35:47,0.0,-81.19690609665582,130.9169090883673, 0.0,-49.72000299171148,0.0
2024-10-30 08:35:47,0.0,-81.41406219646929,130.88125821034265, 0.0,-49.467196013873355,0.0
2024-10-30 08:35:47,0.0,-81.61911685069451,130.8464917325801, 0.0,-49.227374881885595,0.0
2024-10-30 08:35:47,0.0,-82.32610837493246,130.71821386698835, 0.0,-48.39210549205588,0.0
2024-10-30 08:35:47,0.0,-83.06300252860866,130.57012289745737, 0.0,-47.507120368848696,0.0
2024-10-30 08:35:47,0.0,-83.32410263314243,130.5139888467009, 0.0,-47.189886213558474,0.0
2024-10-30 08:35:47,0.0,-84.07381441247063,130.34171071990676, 0.0,-46.26789630743615,0.0
2024-10-30 08:35:47,0.0,-84.78722113529524,130.16182577993428, 0.0,-45.37460464463903,0.0
2024-10-30 08:35:47,0.0,-85.21773255806747,130.04537524405552, 0.0,-44.82764268598807,0.0
2024-10-30 08:35:47,0.0,-85.59486433814713,129.93827784590235, 0.0,-44.34341350775521,0.0
2024-10-30 08:35:47,0.0,-86.69786576670722,129.5962901151072, 0.0,-42.89842434840001,0.0
2024-10-30 08:35:47,0.0,-87.12312663361831,129.45233539583054, 0.0,-42.329208762212254,0.0
2024-10-30 08:35:47,0.0,-87.47704310235505,129.32709626756073, 0.0,-41.85005316520569,0.0
2024-10-30 08:35:47,0.0,-88.43614443768112,128.96145398191936, 0.0,-40.52530954423827,0.0
2024-10-30 08:35:47,0.0,-88.71985089567556,128.84554455212484, 0.0,-40.12569365644928,0.0
2024-10-30 08:35:48,0.0,-89.04464518435341,128.7082629722591, 0.0,-39.6636177879057,0.0
2024-10-30 08:35:48,0.0,-89.31319610698763,128.5909385091793, 0.0,-39.27774240219166,0.0
2024-10-30 08:35:48,0.0,-89.34898826784759,128.57503474703526, 0.0,-39.2260464791877,0.0
2024-10-30 08:35:48,0.0,-89.31395700760922,128.5906010729017, 0.0,-39.27664406529249,0.0
2024-10-30 08:35:48,0.0,-89.20811556411986,128.63726474753358, 0.0,-39.42914918341371,0.0
2024-10-30 08:35:48,0.0,-88.932978381193,128.75602346516547, 0.0,-39.823045083972474,0.0
2024-10-30 08:35:48,0.0,-88.68188053488105,128.86127120538137, 0.0,-40.17939067050035,0.0
2024-10-30 08:35:48,0.0,-88.30897370352079,129.01222881639885, 0.0,-40.703255112878054,0.0
2024-10-30 08:36:01,0.0,-88.40189491317095,128.97519977759427, 0.0,-40.573304864423314,0.0
2024-10-30 08:36:01,0.0,-89.82349521605421,128.35808529755127, 0.0,-38.53459008149705,0.0
2024-10-30 08:36:01,0.0,-91.5792558985761,127.44709049399071, 0.0,-35.86783459541459,0.0
2024-10-30 08:36:01,0.0,-93.27406440691124,126.37546569328133, 0.0,-33.10140128637006,0.0
2024-10-30 08:36:01,0.0,-93.99837699110242,125.84701315492119, 0.0,-31.848636163818764,0.0
2024-10-30 08:36:01,0.0,-94.62046594598203,125.35337173632355, 0.0,-30.73290579034153,0.0
2024-10-30 08:36:01,0.0,-94.85509566540347,125.15668819545829, 0.0,-30.301592530054855,0.0
2024-10-30 08:36:02,0.0,-95.12660163705817,124.92137687383497, 0.0,-29.79477523677679,0.0
2024-10-30 08:36:02,0.0,-95.54215530201218,124.54415502188965, 0.0,-29.001999719877485,0.0
2024-10-30 08:36:02,0.0,-95.7660180297593,124.33181918924684, 0.0,-28.56580115948756,0.0
2024-10-30 08:36:02,0.0,-96.09873509129508,124.0035565112219, 0.0,-27.90482141992681,0.0
2024-10-30 08:36:02,0.0,-96.76634404269555,123.2945131988134, 0.0,-26.528169156117848,0.0
2024-10-30 08:36:02,0.0,-97.02845268673522,122.99572026310707, 0.0,-25.96726757637185,0.0
2024-10-30 08:36:02,0.0,-97.27831673061837,122.69899506370952, 0.0,-25.420678333091143,0.0
2024-10-30 08:36:02,0.0,-97.45483901297548,122.48190209401632, 0.0,-25.027063081040833,0.0
2024-10-30 08:36:02,0.0,-97.68907259464457,122.18365039730305, 0.0,-24.49457780265848,0.0
2024-10-30 08:36:02,0.0,-97.8146605863731,122.01868536367427, 0.0,-24.204024777301182,0.0
2024-10-30 08:36:02,0.0,-97.84331826805135,121.98052751816955, 0.0,-24.13720925011821,0.0
2024-10-30 08:36:02,0.0,-97.84863447524626,121.97342756475365, 0.0,-24.124793089507396,0.0
2024-10-30 08:36:02,0.0,-97.85518456189422,121.96467047982416, 0.0,-24.109485917929963,0.0
2024-10-30 08:36:02,0.0,-97.85230831735241,121.96851711010933, 0.0,-24.11620879275692,0.0
2024-10-30 08:36:02,0.0,-97.93216239010644,121.86098303320381, 0.0,-23.92882064309739,0.0
2024-10-30 08:36:02,0.0,-98.01156734168097,121.75250719447675, 0.0,-23.740939852795787,0.0
2024-10-30 08:36:02,0.0,-98.06088341693665,121.68434145778268, 0.0,-23.62345804084604,0.0
2024-10-30 08:36:02,0.0,-98.10653278565069,121.6206904970743, 0.0,-23.51415771142365,0.0
2024-10-30 08:36:02,0.0,-98.13637483760316,121.5787886583306, 0.0,-23.442413820727463,0.0
2024-10-30 08:36:02,0.0,-98.2004228144124,121.48806619813615, 0.0,-23.287643383723744,0.0
2024-10-30 08:36:02,0.0,-98.2916292237967,121.35697004533864, 0.0,-23.065340821541948,0.0
2024-10-30 08:36:02,0.0,-98.43433970102315,121.14719159039218, 0.0,-22.712851889369038,0.0
2024-10-30 08:36:02,0.0,-98.49703388129873,121.05317290402203, 0.0,-22.556139022723308,0.0
2024-10-30 08:36:02,0.0,-98.61166101491264,120.87821653683895, 0.0,-22.266555521926314,0.0
2024-10-30 08:36:02,0.0,-98.65512796917952,120.81080946009499, 0.0,-22.15568149091547,0.0
2024-10-30 08:36:02,0.0,-98.66955588077587,120.78830300437679, 0.0,-22.118747123600894,0.0
2024-10-30 08:36:02,0.0,-98.68395328727237,120.76577785613947, 0.0,-22.081824568867074,0.0
2024-10-30 08:36:03,0.0,-98.7269626652354,120.69809039120217, 0.0,-21.97112772596676,0.0
2024-10-30 08:36:03,0.0,-98.85407563337024,120.4944678171231, 0.0,-21.64039218375283,0.0
2024-10-30 08:36:03,0.0,-99.04469162177418,120.17859734112892, 0.0,-21.133905719354747,0.0
2024-10-30 08:36:03,0.0,-99.15263749909273,119.99377163453373, 0.0,-20.841134135441006,0.0
2024-10-30 08:36:03,0.0,-99.19267181786365,119.92407576412208, 0.0,-20.731403946258432,0.0
2024-10-30 08:36:03,0.0,-99.20729769902123,119.8984546642164, 0.0,-20.69115696519518,0.0
2024-10-30 08:36:03,0.0,-99.22055265736525,119.87516089977335, 0.0,-20.654608242408106,0.0
2024-10-30 08:36:03,0.0,-99.23511876810221,119.8494810703061, 0.0,-20.6143623022039,0.0
2024-10-30 08:36:03,0.0,-99.24831387337267,119.82614380543453, 0.0,-20.577829932061864,0.0
2024-10-30 08:36:04,0.0,-99.22228900146794,119.87210426407772, 0.0,-20.64981526260978,0.0
2024-10-30 08:36:04,0.0,-98.9959214572325,120.26066244947387, 0.0,-21.26474099224138,0.0
2024-10-30 08:36:04,0.0,-98.26405294812338,121.39684655845687, 0.0,-23.132793610333458,0.0
2024-10-30 08:36:04,0.0,-97.55412174350877,122.35694239500259, 0.0,-24.80282065149384,0.0
2024-10-30 08:36:04,0.0,-97.1892581705422,122.80614044451943, 0.0,-25.616882273977236,0.0
2024-10-30 08:36:04,0.0,-95.9875392029468,124.11500774320152, 0.0,-28.12746854025472,0.0
2024-10-30 08:36:04,0.0,-95.68238912330776,124.41191987122026, 0.0,-28.729530747912502,0.0
2024-10-30 08:36:04,0.0,-95.04871152575402,124.98975447415933, 0.0,-29.941042948405332,0.0
2024-10-30 08:36:04,0.0,-94.73038856445176,125.26197637509092, 0.0,-30.53158781063918,0.0
2024-10-30 08:36:04,0.0,-94.21511508323331,125.67943453814992, 0.0,-31.46431945491662,0.0
2024-10-30 08:36:04,0.0,-93.6334097073134,126.11916318032296, 0.0,-32.485753473009574,0.0
2024-10-30 08:36:04,0.0,-92.57401571754721,126.84406223199007, 0.0,-34.27004651444288,0.0
2024-10-30 08:36:04,0.0,-91.48887171179206,127.49853336895775, 0.0,-36.00966165716572,0.0
2024-10-30 08:36:04,0.0,-90.46933791577811,128.0437062069888, 0.0,-37.57436829121072,0.0
2024-10-30 08:36:04,0.0,-89.75434086957495,128.3904225164984, 0.0,-38.6360816469235,0.0
2024-10-30 08:36:04,0.0,-88.78243772597915,128.81947627711054, 0.0,-40.037038551131374,0.0
2024-10-30 08:36:04,0.0,-87.98045244803745,129.1400965003035, 0.0,-41.15964405226609,0.0
2024-10-30 08:36:04,0.0,-87.0564737565241,129.47536293484688, 0.0,-42.41888917832276,0.0
2024-10-30 08:36:04,0.0,-85.88708088513624,129.85192862496285, 0.0,-43.96484773982664,0.0
2024-10-30 08:36:04,0.0,-85.32486256719454,130.0154426467253, 0.0,-44.69058007953076,0.0
2024-10-30 08:36:04,0.0,-84.98309523948899,130.10959786211555, 0.0,-45.12650262262657,0.0
2024-10-30 08:36:04,0.0,-84.63794504277483,130.2007956207575, 0.0,-45.56285057798269,0.0
2024-10-30 08:36:04,0.0,-84.1154952878298,130.33163722960026, 0.0,-46.216141941770445,0.0
2024-10-30 08:36:04,0.0,-83.6009357987944,130.45231654324576, 0.0,-46.851380744451376,0.0
2024-10-30 08:36:04,0.0,-82.89123008979846,130.6059938416738, 0.0,-47.71476375187536,0.0
2024-10-30 08:36:05,0.0,-82.51802008158263,130.68108875961983, 0.0,-48.1630686780372,0.0
2024-10-30 08:36:05,0.0,-81.96459034218172,130.78545651026357, 0.0,-48.82086616808186,0.0
2024-10-30 08:36:05,0.0,-81.63653639710222,130.84348849549394, 0.0,-49.206952098391724,0.0
2024-10-30 08:36:05,0.0,-80.90523485417565,130.96293133506427, 0.0,-50.05769648088863,0.0
2024-10-30 08:36:05,0.0,-80.51732932832995,131.02089066754047, 0.0,-50.50356133921053,0.0
2024-10-30 08:36:05,0.0,-80.215911698187,131.06341716436015, 0.0,-50.84750546617313,0.0
2024-10-30 08:36:05,0.0,-79.71031764185899,131.12993420297252, 0.0,-51.41961656111352,0.0
2024-10-30 08:36:05,0.0,-79.05365743644508,131.20756122901986, 0.0,-52.153903792574766,0.0
2024-10-30 08:36:05,0.0,-78.70853508814979,131.2444973064576, 0.0,-52.53596221830781,0.0
2024-10-30 08:36:05,0.0,-78.46310169486867,131.26918056975177, 0.0,-52.80607887488309,0.0
2024-10-30 08:36:05,0.0,-78.22597150540426,131.29179617125462, 0.0,-53.06582466585035,0.0
2024-10-30 08:36:05,0.0,-78.3041902582079,131.28446925326585, 0.0,-52.98027899505796,0.0
2024-10-30 08:36:05,0.0,-79.02248026026244,131.21100591383575, 0.0,-52.18852565357332,0.0
2024-10-30 08:36:05,0.0,-79.68122128531036,131.13358143879697, 0.0,-51.4523601534866,0.0
2024-10-30 08:36:05,0.0,-79.97245207930771,131.09619274299882, 0.0,-51.123740663691144,0.0
2024-10-30 08:36:05,0.0,-80.23426653689145,131.06088945895848, 0.0,-50.82662292206703,0.0
2024-10-30 08:36:05,0.0,-80.5195797089027,131.02056497196045, 0.0,-50.50098526305776,0.0
2024-10-30 08:36:06,0.0,-80.85118442251976,130.97122809794524, 0.0,-50.12004367542549,0.0
2024-10-30 08:36:06,0.0,-81.26867918392074,130.9052578702902, 0.0,-49.63657868636946,0.0
2024-10-30 08:36:06,0.0,-81.65437401488552,130.8404050578668, 0.0,-49.18603104298131,0.0
2024-10-30 08:36:06,0.0,-82.27580750091947,130.72777941994212, 0.0,-48.45197191902266,0.0
2024-10-30 08:36:06,0.0,-82.74818635095784,130.6352328896822, 0.0,-47.88704653872435,0.0
2024-10-30 08:36:06,0.0,-83.26730698167091,130.5263660223203, 0.0,-47.25905904064939,0.0
2024-10-30 08:36:06,0.0,-83.62857159906599,130.44603643434272, 0.0,-46.81746483527672,0.0
2024-10-30 08:36:06,0.0,-83.88614761588838,130.38641072156736, 0.0,-46.50026310567899,0.0
2024-10-30 08:36:06,0.0,-84.30136984478457,130.2860638410551, 0.0,-45.98469399627053,0.0
2024-10-30 08:36:06,0.0,-84.77499841025059,130.16504357069678, 0.0,-45.39004516044619,0.0
2024-10-30 08:36:06,0.0,-85.4368947076322,129.98372620804096, 0.0,-44.54683150040875,0.0
2024-10-30 08:36:06,0.0,-86.06232476130127,129.7987009618403, 0.0,-43.736376200539056,0.0
2024-10-30 08:36:06,0.0,-86.4872618280866,129.66502157273317, 0.0,-43.17775974464658,0.0
2024-10-30 08:36:06,0.0,-86.89198469864316,129.53144740247535, 0.0,-42.639462703832216,0.0
2024-10-30 08:36:06,0.0,-87.15613970296565,129.44086497748296, 0.0,-42.284725274517335,0.0
2024-10-30 08:36:06,0.0,-87.46245414004599,129.33235874580947, 0.0,-41.8699046057635,0.0
2024-10-30 08:36:06,0.0,-87.69761495716033,129.2464658370094, 0.0,-41.54885087984907,0.0
2024-10-30 08:36:06,0.0,-87.81942544781812,129.20107024174104, 0.0,-41.38164479392289,0.0
2024-10-30 08:36:06,0.0,-87.88012426071526,129.1782158743622, 0.0,-41.298091613646925,0.0
2024-10-30 08:36:06,0.0,-87.91042204069984,129.1667496083531, 0.0,-41.256327567653265,0.0
2024-10-30 08:36:06,0.0,-87.73903769215765,129.23109852436332, 0.0,-41.492060832205695,0.0
2024-10-30 08:36:06,0.0,-87.54478777544172,129.30254553058694, 0.0,-41.75775775514525,0.0
2024-10-30 08:36:06,0.0,-86.87815364560018,129.5361153661562, 0.0,-42.657961720555996,0.0
2024-10-30 08:36:06,0.0,-86.38389441944913,129.69814929712473, 0.0,-43.31425487767559,0.0
2024-10-30 08:36:06,0.0,-86.172517982313,129.7646679659555, 0.0,-43.59214998364252,0.0
2024-10-30 08:36:06,0.0,-86.07827109085937,129.793803036836, 0.0,-43.715531945976636,0.0
2024-10-30 08:36:06,0.0,-85.98291651333322,129.82295560078498, 0.0,-43.84003908745174,0.0
2024-10-30 08:36:06,0.0,-85.61930457906367,129.9311697045535, 0.0,-44.31186512548983,0.0
2024-10-30 08:36:07,0.0,-85.10766981958251,130.07572763559995, 0.0,-44.968057816017435,0.0
2024-10-30 08:36:07,0.0,-84.06874098700098,130.34293324283794, 0.0,-46.274192255836965,0.0
2024-10-30 08:36:07,0.0,-83.81888014207509,130.40217375873132, 0.0,-46.583293616656235,0.0
2024-10-30 08:36:07,0.0,-83.3653522895837,130.5049410269939, 0.0,-47.13958873741018,0.0
2024-10-30 08:36:07,0.0,-83.18843534112794,130.54339997161804, 0.0,-47.3549646304901,0.0
2024-10-30 08:36:07,0.0,-83.01762339781727,130.5796804100869, 0.0,-47.56205701226963,0.0
2024-10-30 08:36:07,0.0,-82.70196935209363,130.64455809288506, 0.0,-47.94258874079146,0.0
2024-10-30 08:36:07,0.0,-82.42720172324383,130.69878230206936, 0.0,-48.27158057882555,0.0
2024-10-30 08:36:07,0.0,-82.02767774641988,130.77397285424126, 0.0,-48.74629510782137,0.0
2024-10-30 08:36:07,0.0,-81.80164882941543,130.81463162977295, 0.0,-49.01298280035751,0.0
2024-10-30 08:36:07,0.0,-81.46923520569867,130.87200965981268, 0.0,-49.402774454113995,0.0
2024-10-30 08:36:07,0.0,-81.28537157270789,130.90252951153732, 0.0,-49.61715793882942,0.0
2024-10-30 08:36:07,0.0,-81.01988076281995,130.94509414281765, 0.0,-49.925213379997714,0.0
2024-10-30 08:36:07,0.0,-80.86861347229974,130.96856059530703, 0.0,-50.09994712300729,0.0
2024-10-30 08:36:07,0.0,-80.83446903201799,130.9737793541704, 0.0,-50.1393103221524,0.0
2024-10-30 08:36:07,0.0,-80.87129662127857,130.96814927704878, 0.0,-50.09685265577021,0.0
2024-10-30 08:36:07,0.0,-81.08833719966346,130.93428770093098, 0.0,-49.84595050126751,0.0
2024-10-30 08:36:07,0.0,-82.52031623227391,130.6806384960413, 0.0,-48.1603222637674,0.0
2024-10-30 08:36:07,0.0,-84.0666561435826,130.34343539110534, 0.0,-46.27677924752277,0.0
2024-10-30 08:36:07,0.0,-85.5015318539217,129.9652332217281, 0.0,-44.46370136780641,0.0
2024-10-30 08:36:07,0.0,-86.86665311172521,129.53999115800866, 0.0,-42.67333804628345,0.0
2024-10-30 08:36:07,0.0,-88.20566657885041,129.05294696299597, 0.0,-40.84728038414559,0.0
2024-10-30 08:36:07,0.0,-89.47177628055229,128.5199908509685, 0.0,-39.04821457041621,0.0
2024-10-30 08:36:07,0.0,-91.07355273673159,127.72822814734016, 0.0,-36.654675410608554,0.0
2024-10-30 08:36:07,0.0,-91.40098748031635,127.54804720875343, 0.0,-36.14705972843709,0.0
2024-10-30 08:36:07,0.0,-91.63511370375447,127.41503184571611, 0.0,-35.77991814196165,0.0
2024-10-30 08:36:07,0.0,-91.85477065833382,127.28695373943526, 0.0,-35.43218308110144,0.0
2024-10-30 08:36:07,0.0,-92.15011186632766,127.10955770510554, 0.0,-34.959445838777896,0.0
2024-10-30 08:36:08,0.0,-92.51810771921771,126.8798362179365, 0.0,-34.361728498718804,0.0
2024-10-30 08:36:08,0.0,-92.97676768408968,126.57925473470844, 0.0,-33.602487050618784,0.0
2024-10-30 08:36:08,0.0,-93.26039885868813,126.38499368069758, 0.0,-33.124594822009456,0.0
2024-10-30 08:36:08,0.0,-93.23750528165748,126.40092052547995, 0.0,-33.16341524382249,0.0
2024-10-30 08:36:08,0.0,-93.12884358853935,126.47591941448702, 0.0,-33.34707582594767,0.0
2024-10-30 08:36:08,0.0,-92.1505917174326,127.10926452266925, 0.0,-34.958672805236674,0.0
2024-10-30 08:36:08,0.0,-91.54267861381302,127.4679727395641, 0.0,-35.92529412575108,0.0
2024-10-30 08:36:08,0.0,-91.04100922165901,127.74577345453973, 0.0,-36.70476423288073,0.0
2024-10-30 08:36:08,0.0,-90.76291367104696,127.89310246984732, 0.0,-37.130188798800376,0.0
2024-10-30 08:36:08,0.0,-90.44865317261535,128.05413132629386, 0.0,-37.605478153678526,0.0
2024-10-30 08:36:08,0.0,-90.06983962106413,128.24084219663513, 0.0,-38.171002575571,0.0
2024-10-30 08:36:08,0.0,-89.9218229090545,128.31167446784727, 0.0,-38.38985155879278,0.0
2024-10-30 08:36:08,0.0,-89.89475787515663,128.32450006629466, 0.0,-38.42974219113805,0.0
2024-10-30 08:36:08,0.0,-89.92223273533604,128.31147996100046, 0.0,-38.38924722566443,0.0
2024-10-30 08:36:08,0.0,-90.11118077927216,128.22084847820602, 0.0,-38.10966769893387,0.0
2024-10-30 08:36:08,0.0,-90.56186929007684,127.99677292443681, 0.0,-37.43490363435996,0.0
2024-10-30 08:36:08,0.0,-90.95856577385558,127.78993359209953, 0.0,-36.83136781824395,0.0
2024-10-30 08:36:08,0.0,-91.15875204318553,127.68198700135267, 0.0,-36.52323495816715,0.0
2024-10-30 08:36:09,0.0,-91.62602140733462,128.13752723445705, 0.0,-36.51150582712244,0.0
2024-10-30 08:36:09,0.0,-92.83844219060322,129.30118347064789, 0.0,-36.46274128004469,0.0
2024-10-30 08:36:09,0.0,-93.61992123543337,130.03722987818733, 0.0,-36.41730864275399,0.0
2024-10-30 08:36:09,0.0,-95.21917635645221,131.50942539721947, 0.0,-36.290249040767286,0.0
2024-10-30 08:36:09,0.0,-95.48428246802729,131.74905997852116, 0.0,-36.26477751049387,0.0
2024-10-30 08:36:09,0.0,-95.5858952428146,131.84057833917038, 0.0,-36.25468309635578,0.0
2024-10-30 08:36:09,0.0,-95.98843388338746,132.20132549907052, 0.0,-36.21289161568307,0.0
2024-10-30 08:36:09,0.0,-97.48476712274342,133.51716835832272, 0.0,-36.03240123557933,0.0
2024-10-30 08:36:09,0.0,-99.45143010637088,135.18685277927477, 0.0,-35.735422672903894,0.0
2024-10-30 08:36:09,0.0,-101.29765036389489,136.6933646773441, 0.0,-35.39571431344925,0.0
2024-10-30 08:36:10,0.0,-102.55869966662124,137.688993563358, 0.0,-35.13029389673676,0.0
2024-10-30 08:36:10,0.0,-103.41119605916091,138.34691915617393, 0.0,-34.93572309701301,0.0
2024-10-30 08:36:10,0.0,-104.44268969067443,139.12685279899995, 0.0,-34.68416310832552,0.0
2024-10-30 08:36:10,0.0,-106.17002296578292,140.39394280894692, 0.0,-34.223919843164,0.0
2024-10-30 08:36:10,0.0,-107.66409143436024,141.4512862550136, 0.0,-33.787194820653355,0.0
2024-10-30 08:36:10,0.0,-108.61897398959377,142.10864950500158, 0.0,-33.48967551540782,0.0
2024-10-30 08:36:10,0.0,-110.91307391718745,143.6307160464774, 0.0,-32.717642129289985,0.0
2024-10-30 08:36:10,0.0,-113.28043108800713,145.11920569903486, 0.0,-31.83877461102776,0.0
2024-10-30 08:36:10,0.0,-116.89413744881566,147.23809759108326, 0.0,-30.34396014226766,0.0
2024-10-30 08:36:10,0.0,-116.83282476035227,147.20363445148786, 0.0,-30.37080969113559,0.0
2024-10-30 08:36:10,0.0,-116.7803857823457,147.1741193115018, 0.0,-30.393733529156137,0.0
2024-10-30 08:36:10,0.0,-116.65798048992487,147.1050807626571, 0.0,-30.447100272732264,0.0
2024-10-30 08:36:10,0.0,-116.3615614000094,146.9370632062064, 0.0,-30.575501806196986,0.0
2024-10-30 08:36:10,0.0,-115.80205070201607,146.61668690889618, 0.0,-30.814636206880095,0.0
2024-10-30 08:36:10,0.0,-114.88885588362334,146.08460868075332, 0.0,-31.195752797129998,0.0
2024-10-30 08:36:10,0.0,-113.07157131702033,144.99115571720307, 0.0,-31.919584400182735,0.0
2024-10-30 08:36:10,0.0,-111.12367534171057,143.76646743184762, 0.0,-32.642792090137014,0.0
2024-10-30 08:36:10,0.0,-108.80100518056342,142.23235681496746, 0.0,-33.43135163440409,0.0
2024-10-30 08:36:10,0.0,-106.58710569023872,140.69267970945637, 0.0,-34.10557401921773,0.0
2024-10-30 08:36:10,0.0,-104.3324926612363,139.04436752322528, 0.0,-34.71187486198894,0.0
2024-10-30 08:36:10,0.0,-102.16439292709812,137.38056391360905, 0.0,-35.21617098651094,0.0
2024-10-30 08:36:10,0.0,-100.33499790271568,135.91514186133287, 0.0,-35.58014395861719,0.0
2024-10-30 08:36:10,0.0,-98.24468857589176,134.17033975506163, 0.0,-35.92565117916988,0.0
2024-10-30 08:36:10,0.0,-95.51724677942647,131.77876966576883, 0.0,-36.26152288634235,0.0
2024-10-30 08:36:10,0.0,-93.6077288420093,130.02583043667215, 0.0,-36.41810159466287,0.0
2024-10-30 08:36:10,0.0,-92.12740886020231,128.6219555894416, 0.0,-36.49454672923929,0.0
2024-10-30 08:36:10,0.0,-91.04621361187009,127.5716855587969, 0.0,-36.525471946926814,0.0
2024-10-30 08:36:10,0.0,-90.09110356513376,126.6263690885191, 0.0,-36.53526552338533,0.0
2024-10-30 08:36:10,0.0,-89.15240860847977,125.6812716925057, 0.0,-36.52886308402595,0.0
2024-10-30 08:36:11,0.0,-88.30532131838622,124.81477232870635, 0.0,-36.509451010320156,0.0
2024-10-30 08:36:11,0.0,-87.36463911948536,123.837391809108, 0.0,-36.47275268962263,0.0
2024-10-30 08:36:11,0.0,-85.8384587798125,122.21785586613737, 0.0,-36.37939708632487,0.0
2024-10-30 08:36:11,0.0,-84.3126372187983,120.55705721153817, 0.0,-36.24441999273988,0.0
2024-10-30 08:36:11,0.0,-83.50942135473463,119.66615287986568, 0.0,-36.15673152513107,0.0
2024-10-30 08:36:11,0.0,-81.8762512855111,117.819568186098, 0.0,-35.9433169005869,0.0
2024-10-30 08:36:11,0.0,-80.29625611096549,115.9887106102129, 0.0,-35.69245449924746,0.0
2024-10-30 08:36:11,0.0,-79.83497216000887,115.44603133212064, 0.0,-35.61105917211177,0.0
2024-10-30 08:36:11,0.0,-79.90342001871831,115.5267886431566, 0.0,-35.623368624438314,0.0
2024-10-30 08:36:11,0.0,-80.07267859040381,115.72613989763492, 0.0,-35.65346130723112,0.0
2024-10-30 08:36:11,0.0,-82.3453214948373,118.35473322428572, 0.0,-36.009411729448416,0.0
2024-10-30 08:36:11,0.0,-83.96065528544005,120.16805650863557, 0.0,-36.20740122319553,0.0
2024-10-30 08:36:11,0.0,-85.57466084361377,121.93369200200749, 0.0,-36.359031158393734,0.0
2024-10-30 08:36:11,0.0,-87.25901308041645,123.72665115645913, 0.0,-36.46763807604269,0.0
2024-10-30 08:36:11,0.0,-89.01925977002944,125.54592813414854, 0.0,-36.526668364119146,0.0
2024-10-30 08:36:11,0.0,-90.72146249902252,127.25210982661432, 0.0,-36.53064732759181,0.0
2024-10-30 08:36:11,0.0,-93.15135667741266,129.59722181656494, 0.0,-36.44586513915227,0.0
2024-10-30 08:36:11,0.0,-93.2014460910583,129.64444657399338, 0.0,-36.44300048293509,0.0
2024-10-30 08:36:11,0.0,-93.40193409893487,129.83301775963255, 0.0,-36.431083660697695,0.0
2024-10-30 08:36:11,0.0,-93.45208901627028,129.8800787606895, 0.0,-36.42798974441925,0.0
2024-10-30 08:36:15,0.0,-93.52078752055587,129.84237502381492, 0.0,-36.32158750325908,0.0
2024-10-30 08:36:15,0.0,-95.03477363762808,128.93242942714295, 0.0,-33.89765578951488,0.0
2024-10-30 08:36:15,0.0,-95.7249878747221,128.46149916774874, 0.0,-32.736511293026666,0.0
2024-10-30 08:36:15,0.0,-97.23600436059796,127.2806378371298, 0.0,-30.04463347653186,0.0
2024-10-30 08:36:15,0.0,-97.89389930722504,126.68988309004615, 0.0,-28.795983782821132,0.0
2024-10-30 08:36:15,0.0,-98.31296784146055,126.28478237720924, 0.0,-27.971814535748706,0.0
2024-10-30 08:36:15,0.0,-99.39949567828852,125.11085878329799, 0.0,-25.71136310500945,0.0
2024-10-30 08:36:15,0.0,-100.15459832851599,124.16679535255979, 0.0,-24.012197024043818,0.0
2024-10-30 08:36:15,0.0,-100.62902537530778,123.506210330095, 0.0,-22.87718495478722,0.0
2024-10-30 08:36:15,0.0,-100.66762109259759,123.44984228973547, 0.0,-22.782221197137883,0.0
2024-10-30 08:36:15,0.0,-100.68684706854035,123.4216061988191, 0.0,-22.734759130278775,0.0
2024-10-30 08:36:15,0.0,-100.66792276575048,123.44940005001936, 0.0,-22.781477284268888,0.0
2024-10-30 08:36:15,0.0,-100.45439792072182,123.75613399970527, 0.0,-23.301736078983463,0.0
2024-10-30 08:36:15,0.0,-99.65711222848748,124.80212485394648, 0.0,-25.14501262545901,0.0
2024-10-30 08:36:16,0.0,-99.04766463269263,125.51245137945622, 0.0,-26.46478674676363,0.0
2024-10-30 08:36:16,0.0,-98.80481573175061,125.77715380472617, 0.0,-26.972338072975553,0.0
2024-10-30 08:36:16,0.0,-98.59765264792756,125.9954391706934, 0.0,-27.397786522765855,0.0
2024-10-30 08:36:16,0.0,-98.30765654620315,126.29006831025863, 0.0,-27.982411764055488,0.0
2024-10-30 08:36:16,0.0,-97.65041969500597,126.91464799953644, 0.0,-29.264228304530498,0.0
2024-10-30 08:36:16,0.0,-96.99988052549139,127.48039194580161, 0.0,-30.480511420310215,0.0
2024-10-30 08:36:16,0.0,-96.10952754192851,128.18172132823761, 0.0,-32.072193786309136,0.0
2024-10-30 08:36:16,0.0,-95.08521896162921,128.89929624082822, 0.0,-33.81407727919901,0.0
2024-10-30 08:36:16,0.0,-93.90364652380418,129.6268475459957, 0.0,-35.72320102219152,0.0
2024-10-30 08:36:16,0.0,-93.21409688137976,130.00848344050587, 0.0,-36.79438655912615,0.0
2024-10-30 08:36:16,0.0,-92.66869550607599,130.29026061614186, 0.0,-37.621565110065895,0.0
2024-10-30 08:36:16,0.0,-92.29678932833117,130.47290556495568, 0.0,-38.17611623662451,0.0
2024-10-30 08:36:16,0.0,-91.86419283451842,130.67618367263526, 0.0,-38.81199083811686,0.0
2024-10-30 08:36:16,0.0,-91.4407901139151,130.86603621983994, 0.0,-39.42524610592486,0.0
2024-10-30 08:36:16,0.0,-91.03846230404191,131.0384792430492, 0.0,-40.0000169390073,0.0
2024-10-30 08:36:16,0.0,-90.20392746152388,131.37287472331832, 0.0,-41.16894726179447,0.0
2024-10-30 08:36:16,0.0,-89.7214695179126,131.5526803936239, 0.0,-41.83121087571131,0.0
2024-10-30 08:36:16,0.0,-88.88484461257559,131.84261408606307, 0.0,-42.95776947348746,0.0
2024-10-30 08:36:16,0.0,-88.4518080446671,131.98237199286132, 0.0,-43.53056394819424,0.0
2024-10-30 08:36:16,0.0,-87.97012189205165,132.12999205969626, 0.0,-44.15987016764464,0.0
2024-10-30 08:36:16,0.0,-87.69408252100662,132.21099346076363, 0.0,-44.516910939757004,0.0
2024-10-30 08:36:16,0.0,-87.42515286516793,132.28746147830458, 0.0,-44.862308613136626,0.0
2024-10-30 08:36:16,0.0,-87.38200379175822,132.2995093657058, 0.0,-44.917505573947594,0.0
2024-10-30 08:36:17,0.0,-87.52300669257718,132.25991358305174, 0.0,-44.736906890474586,0.0
2024-10-30 08:36:17,0.0,-87.97189840791924,132.12946238890407, 0.0,-44.15756398098484,0.0
2024-10-30 08:36:17,0.0,-89.07312213116381,131.77969924594754, 0.0,-42.70657711478374,0.0
2024-10-30 08:36:17,0.0,-90.04281687616384,131.4339830009813, 0.0,-41.39116612481743,0.0
2024-10-30 08:36:17,0.0,-91.329642582796,130.91443568515916, 0.0,-39.584793102363165,0.0
2024-10-30 08:36:17,0.0,-92.61404623263022,130.31756992146842, 0.0,-37.70352368883823,0.0
2024-10-30 08:36:17,0.0,-93.8541341507811,129.65524541742496, 0.0,-35.80111126664386,0.0
2024-10-30 08:36:17,0.0,-94.66531322820384,129.16925052085463, 0.0,-34.503937292650804,0.0
2024-10-30 08:36:17,0.0,-95.41032044335259,128.68098407534256, 0.0,-33.27066363198999,0.0
2024-10-30 08:36:17,0.0,-95.8251389949726,128.38988530891177, 0.0,-32.56474631393918,0.0
2024-10-30 08:36:17,0.0,-96.16470942043713,128.14048473924973, 0.0,-31.975775318812605,0.0
2024-10-30 08:36:17,0.0,-96.35460218446632,127.99641621751313, 0.0,-31.641814033046817,0.0
2024-10-30 08:36:17,0.0,-96.60493991194025,127.80120921717885, 0.0,-31.19626930523861,0.0
2024-10-30 08:36:17,0.0,-97.1454806311857,127.35794617545683, 0.0,-30.212465544271147,0.0
2024-10-30 08:36:17,0.0,-98.03767960697627,126.55357100524661, 0.0,-28.515891398270334,0.0
2024-10-30 08:36:17,0.0,-98.87138716955593,125.70556042996161, 0.0,-26.834173260405656,0.0
2024-10-30 08:36:17,0.0,-99.65862552970304,124.80027244142148, 0.0,-25.141646911718432,0.0
2024-10-30 08:36:17,0.0,-100.45204231051792,123.7594494895208, 0.0,-23.30740717900286,0.0
2024-10-30 08:36:17,0.0,-101.12300392411947,122.75116118457944, 0.0,-21.628157260459993,0.0
2024-10-30 08:36:17,0.0,-101.64516538571851,121.86240449579518, 0.0,-20.217239110076683,0.0
2024-10-30 08:36:17,0.0,-101.8108278092101,121.55736249920952, 0.0,-19.746534689999432,0.0
2024-10-30 08:36:17,0.0,-101.86053172958765,121.46340832135854, 0.0,-19.60287659177088,0.0
2024-10-30 08:36:18,0.0,-101.8765439027231,121.43289236817056, 0.0,-19.556348465447474,0.0
2024-10-30 08:36:18,0.0,-101.90842127480244,121.37177392608754, 0.0,-19.463352651285117,0.0
2024-10-30 08:36:18,0.0,-101.97355095016805,121.24535319346751, 0.0,-19.27180224329946,0.0
2024-10-30 08:36:18,0.0,-102.11956665668964,120.95403847028432, 0.0,-18.83447181359467,0.0
2024-10-30 08:36:18,0.0,-102.16365557872884,120.86382969897262, 0.0,-18.700174120243812,0.0
2024-10-30 08:36:18,0.0,-102.17871419086748,120.8327706704685, 0.0,-18.65405647960104,0.0
2024-10-30 08:36:19,0.0,-102.16388068796685,120.86336633974933, 0.0,-18.6994856517825,0.0
2024-10-30 08:36:19,0.0,-102.11546262975541,120.96238113076416, 0.0,-18.84691850100875,0.0
2024-10-30 08:36:19,0.0,-101.77987868330158,121.61528503051144, 0.0,-19.83540634720987,0.0
2024-10-30 08:36:19,0.0,-101.44386460246314,122.2173802757373, 0.0,-20.77351567327418,0.0
2024-10-30 08:36:19,0.0,-101.02221991459318,122.91140622711816, 0.0,-21.889186312525002,0.0
2024-10-30 08:36:19,0.0,-100.65195005283655,123.4727799727088, 0.0,-22.82082991987226,0.0
2024-10-30 08:36:19,0.0,-100.34709362721502,123.90570468526698, 0.0,-23.558611058051966,0.0
2024-10-30 08:36:19,0.0,-99.69625850203447,124.75405624123496, 0.0,-25.05779773920049,0.0
2024-10-30 08:36:19,0.0,-99.16823868343835,125.37731473054313, 0.0,-26.209076047104787,0.0
2024-10-30 08:36:19,0.0,-98.3952753413094,126.20235066715216, 0.0,-27.80707532584276,0.0
2024-10-30 08:36:19,0.0,-97.49246717839486,127.05653664697147, 0.0,-29.564069468576605,0.0
2024-10-30 08:36:19,0.0,-96.67559145936465,127.74499630701919, 0.0,-31.069404847654553,0.0
2024-10-30 08:36:19,0.0,-96.07758698316763,128.20546269247535, 0.0,-32.127875709307745,0.0
2024-10-30 08:36:19,0.0,-95.66685642069693,128.50267185831882, 0.0,-32.83581543762189,0.0
2024-10-30 08:36:19,0.0,-95.01977837759974,128.94224087278997, 0.0,-33.92246249519023,0.0
2024-10-30 08:36:19,0.0,-94.58886844350461,129.21699845555372, 0.0,-34.628130012049134,0.0
2024-10-30 08:36:19,0.0,-94.07196481020125,129.52911180257573, 0.0,-35.45714699237448,0.0
2024-10-30 08:36:19,0.0,-93.71894049126024,129.73198403046752, 0.0,-36.01304353920728,0.0
2024-10-30 08:36:19,0.0,-93.27314727819069,129.97694060153924, 0.0,-36.703793323348556,0.0
2024-10-30 08:36:19,0.0,-92.97496103702204,130.1341278007693, 0.0,-37.15916676374729,0.0
2024-10-30 08:36:19,0.0,-92.79726719913491,130.2253580155644, 0.0,-37.42809081642949,0.0
2024-10-30 08:36:19,0.0,-92.72561195862866,130.261642905118, 0.0,-37.53603094648935,0.0
2024-10-30 08:36:19,0.0,-92.65371498625466,130.29776304464835, 0.0,-37.64404805839369,0.0
2024-10-30 08:36:19,0.0,-92.58188458236023,130.33356503320113, 0.0,-37.7516804508409,0.0
2024-10-30 08:36:19,0.0,-92.54571718728684,130.3514848001384, 0.0,-37.80576761285157,0.0
2024-10-30 08:36:19,0.0,-92.50948930003948,130.36936316269686, 0.0,-37.859873862657395,0.0
2024-10-30 08:36:20,0.0,-92.47320091471472,130.3872000810068, 0.0,-37.91399916629208,0.0
2024-10-30 08:36:20,0.0,-92.40044262738755,130.42274942541817, 0.0,-38.02230679803064,0.0
2024-10-30 08:36:20,0.0,-92.32769889741533,130.4580086302523, 0.0,-38.130309732836984,0.0
2024-10-30 08:36:20,0.0,-92.18116816189361,130.5281835018786, 0.0,-38.347015339985006,0.0
2024-10-30 08:36:20,0.0,-92.0706449888139,130.58037287073097, 0.0,-38.509727881917094,0.0
2024-10-30 08:36:20,0.0,-92.03360714703254,130.59772131009552, 0.0,-38.56411416306299,0.0
2024-10-30 08:36:20,0.0,-91.9966969496921,130.61494007986582, 0.0,-38.61824313017374,0.0
2024-10-30 08:36:21,0.0,-91.8752530404291,130.4978438514873, 0.0,-38.6225908110582,0.0
2024-10-30 08:36:21,0.0,-89.98965018470273,128.64476497613072, 0.0,-38.655114791428005,0.0
2024-10-30 08:36:21,0.0,-87.89769900146916,126.51194012663359, 0.0,-38.61424112516446,0.0
2024-10-30 08:36:21,0.0,-86.77312464636947,125.33198815342053, 0.0,-38.55886350705106,0.0
2024-10-30 08:36:21,0.0,-86.46988242380802,125.00982522452854, 0.0,-38.53994280072053,0.0
2024-10-30 08:36:21,0.0,-85.99837252572219,124.50553768330701, 0.0,-38.50716515758482,0.0
2024-10-30 08:36:21,0.0,-85.56698668341254,124.04058862683628, 0.0,-38.47360194342376,0.0
2024-10-30 08:36:21,0.0,-85.32400962570291,123.7772056748931, 0.0,-38.453196049190176,0.0
2024-10-30 08:36:21,0.0,-85.14752205966272,123.58521866943043, 0.0,-38.437696609767734,0.0
2024-10-30 08:36:21,0.0,-85.09499072308985,123.5279639189959, 0.0,-38.432973195906044,0.0
2024-10-30 08:36:21,0.0,-85.08576565893439,123.51790416482898, 0.0,-38.432138505894585,0.0
2024-10-30 08:36:21,0.0,-85.1924501835916,123.63414652071364, 0.0,-38.44169633712207,0.0
2024-10-30 08:36:21,0.0,-85.43051321231796,123.89278681152393, 0.0,-38.462273599205965,0.0
2024-10-30 08:36:21,0.0,-86.29449728397218,124.82272507868238, 0.0,-38.52822779471022,0.0
2024-10-30 08:36:21,0.0,-86.78250787269235,125.3419298540265, 0.0,-38.55942198133414,0.0
2024-10-30 08:36:21,0.0,-87.13675942121671,125.71607982725124, 0.0,-38.57932040603453,0.0
2024-10-30 08:36:21,0.0,-87.3693848116093,125.96051413113899, 0.0,-38.591129319529735,0.0
2024-10-30 08:36:21,0.0,-87.60316106223212,126.20515246569468, 0.0,-38.60199140346257,0.0
2024-10-30 08:36:22,0.0,-87.77169162657583,126.38088812808164, 0.0,-38.6091965015058,0.0
2024-10-30 08:36:22,0.0,-88.25838982711227,126.88545019760582, 0.0,-38.62706037049357,0.0
2024-10-30 08:36:22,0.0,-88.31527877917298,126.94414162282614, 0.0,-38.62886284365316,0.0
2024-10-30 08:36:22,0.0,-88.43953692907569,127.07212881670749, 0.0,-38.632591887631826,0.0
2024-10-30 08:36:22,0.0,-88.62139915936375,127.25893436901445, 0.0,-38.63753520965071,0.0
2024-10-30 08:36:22,0.0,-88.74649781568755,127.38707849519491, 0.0,-38.640580679507394,0.0
2024-10-30 08:36:22,0.0,-88.86154002853968,127.50466596888141, 0.0,-38.64312594034175,0.0
2024-10-30 08:36:22,0.0,-89.09246433578146,127.73996068748141, 0.0,-38.647496351699964,0.0
2024-10-30 08:36:22,0.0,-89.27692282100351,127.92720161133907, 0.0,-38.65027879033557,0.0
2024-10-30 08:36:22,0.0,-89.33506114844282,127.98608646831535, 0.0,-38.651025319872545,0.0
2024-10-30 08:36:22,0.0,-89.45155338868882,128.1038863655684, 0.0,-38.65233297687961,0.0
2024-10-30 08:36:22,0.0,-89.50990778553373,128.16280142520048, 0.0,-38.652893639666765,0.0
2024-10-30 08:36:22,0.0,-89.5789479354081,128.23242354264298, 0.0,-38.6534756072349,0.0
2024-10-30 08:36:22,0.0,-89.63746504299338,128.2913648632047, 0.0,-38.65389982021134,0.0
2024-10-30 08:36:22,0.0,-89.69605520510615,128.35031629258364, 0.0,-38.65426108747749,0.0
2024-10-30 08:36:22,0.0,-89.76538838901544,128.4199949319629, 0.0,-38.65460654294748,0.0
2024-10-30 08:36:23,0.0,-89.66101565408799,128.46826282309513, 0.0,-38.807247169007155,0.0
2024-10-30 08:36:23,0.0,-89.45085331806446,128.56376627220584, 0.0,-39.11291295414138,0.0
2024-10-30 08:36:23,0.0,-89.30969570519188,128.62666775299002, 0.0,-39.31697204779813,0.0
2024-10-30 08:36:23,0.0,-89.23880213817925,128.6578874749011, 0.0,-39.41908533672184,0.0
2024-10-30 08:36:23,0.0,-89.16769876275673,128.68895284136434, 0.0,-39.52125407860762,0.0
2024-10-30 08:36:23,0.0,-89.0963856067118,128.7198635952576, 0.0,-39.62347798854581,0.0
2024-10-30 08:36:23,0.0,-89.02502361356213,128.75055055970228, 0.0,-39.72552694614015,0.0
2024-10-30 08:36:24,0.0,-89.10575882258118,128.71581477534087, 0.0,-39.61005595275972,0.0
2024-10-30 08:36:24,0.0,-90.59315205774158,128.01658910906505, 0.0,-37.423437051323525,0.0
2024-10-30 08:36:25,0.0,-90.80597472213285,127.90667980810083, 0.0,-37.10070508596801,0.0
2024-10-30 08:36:25,0.0,-91.57460268654083,127.48698038395374, 0.0,-35.91237769741292,0.0
2024-10-30 08:36:25,0.0,-93.43551889616984,126.30228674378021, 0.0,-32.86676784761039,0.0
2024-10-30 08:36:25,0.0,-93.11545630559954,126.52503252259532, 0.0,-33.40957621699581,0.0
2024-10-30 08:36:25,0.0,-92.92006577129533,126.65686510433535, 0.0,-33.73679933304003,0.0
2024-10-30 08:36:26,0.0,-92.72324980934637,126.78659795667622, 0.0,-34.063348147329854,0.0
2024-10-30 08:36:26,0.0,-92.45438079743096,126.9590258325092, 0.0,-34.504645035078255,0.0
2024-10-30 08:36:26,0.0,-92.3607034916893,127.01783642095663, 0.0,-34.65713292926733,0.0
2024-10-30 08:36:26,0.0,-92.02337137319856,127.22438020830994, 0.0,-35.201008835111374,0.0
2024-10-30 08:36:26,0.0,-91.78371913469019,127.3662971647018, 0.0,-35.582578030011604,0.0
2024-10-30 08:36:26,0.0,-91.68650503876314,127.42275998710636, 0.0,-35.7362549483432,0.0
2024-10-30 08:36:26,0.0,-91.65399053240007,127.44150477042355, 0.0,-35.78751423802347,0.0
2024-10-30 08:36:26,0.0,-91.46735333274123,127.54776470261382, 0.0,-36.08041136987259,0.0
2024-10-30 08:36:26,0.0,-90.6629416565103,127.9808366904031, 0.0,-37.31789503389281,0.0
2024-10-30 08:36:26,0.0,-89.30554263859622,128.62850346639448, 0.0,-39.32296082779829,0.0
2024-10-30 08:36:26,0.0,-88.92189999513337,128.79446655059155, 0.0,-39.872566555458185,0.0
2024-10-30 08:36:26,0.0,-88.63424034899718,128.9143322895154, 0.0,-40.28009194051821,0.0
2024-10-30 08:36:26,0.0,-88.43702752618397,128.99431316705005, 0.0,-40.557285640866105,0.0
2024-10-30 08:36:26,0.0,-88.39921942427982,129.00944609834102, 0.0,-40.61022667406121,0.0
2024-10-30 08:36:26,0.0,-88.36138161723795,129.0245269814654, 0.0,-40.66314536422748,0.0
