time,a1,a2,a3,a4,a5,a6
2024-08-19 04:04:53,4.440892098500626e-15,-89.13333181940895,126.46514434841467, 3.3306690738754696e-15,-37.33181252900582,1.5543122344752192e-15
2024-08-19 04:05:05,0.0,-88.9979420597389,126.53416067838312, 0.0,-37.5362186186442,0.0
2024-08-19 04:05:05,0.0,-87.06939901604862,127.41055271772244, 0.0,-40.341153701673825,0.0
2024-08-19 04:05:05,0.0,-86.99633796000408,127.44013974331463, 0.0,-40.443801783310555,0.0
2024-08-19 04:05:05,0.0,-86.37536645095086,127.68192573180222, 0.0,-41.30655928085136,0.0
2024-08-19 04:05:05,0.0,-83.22884698508301,128.67081519035304, 0.0,-45.441968205270015,0.0
2024-08-19 04:05:05,0.0,-81.8952693801989,128.9872054867178, 0.0,-47.09193610651893,0.0
2024-08-19 04:05:05,0.0,-81.60614285939245,129.04870274911318, 0.0,-47.44255988972073,0.0
2024-08-19 04:05:05,0.0,-81.51957788237618,129.0666430950107, 0.0,-47.54706521263452,0.0
2024-08-19 04:05:05,0.0,-80.94861075009746,129.17964292277654, 0.0,-48.231032172679086,0.0
2024-08-19 04:05:05,0.0,-80.04813343747142,129.3396816740216, 0.0,-49.29154823655017,0.0
2024-08-19 04:05:05,0.0,-79.62323120420163,129.40778445586662, 0.0,-49.78455325166498,0.0
2024-08-19 04:05:05,0.0,-79.52164912770866,129.42338263119103, 0.0,-49.90173350348238,0.0
2024-08-19 04:05:05,0.0,-79.74672759120655,129.38846835565522, 0.0,-49.64174076444866,0.0
2024-08-19 04:05:05,0.0,-80.21571248036311,129.31153552808576, 0.0,-49.09582304772264,0.0
2024-08-19 04:05:05,0.0,-82.8323356417076,128.77067980370055, 0.0,-45.93834416199298,0.0
2024-08-19 04:05:05,0.0,-84.52207016222097,128.30863138521346, 0.0,-43.78656122299248,0.0
2024-08-19 04:05:05,0.0,-86.2012702907881,127.74669255371026, 0.0,-41.54542226292217,0.0
2024-08-19 04:05:06,0.0,-88.38538076739849,126.83350594943226, 0.0,-38.448125182033735,0.0
2024-08-19 04:05:06,0.0,-89.60966014062248,126.21369189067912, 0.0,-36.604031750056635,0.0
2024-08-19 04:05:06,0.0,-91.4937850925767,125.07134802007084, 0.0,-33.577562927494114,0.0
2024-08-19 04:05:06,0.0,-93.18665574773937,123.79800918783603, 0.0,-30.61135344009668,0.0
2024-08-19 04:05:06,0.0,-93.44885262330692,123.57498281643811, 0.0,-30.1261301931312,0.0
2024-08-19 04:05:06,0.0,-93.50789741239969,123.52367895073381, 0.0,-30.01578153833413,0.0
2024-08-19 04:05:07,0.09142951710103017,-93.5077643404383,123.52363485972509, 0.182770888988387,-30.015996789863053,-0.15825884658769418
2024-08-19 04:05:07,0.18127916031982544,-93.50750540916188,123.52339123363907, 0.36238068447897986,-30.01638221342834,-0.3137801062079408
2024-08-19 04:05:07,0.7395098088577274,-93.50207340698975,123.5182800524804, 1.4780495580726876,-30.02446611244318,-1.27978384544479
2024-08-19 04:05:07,1.728517314828017,-93.47627287144397,123.49399656093743, 3.4520490807068747,-30.06281747316526,-2.9885750834665883
2024-08-19 04:05:07,2.0181656565190855,-93.46479904463912,123.48319379035897, 4.02910292566175,-30.079848998275555,-3.4879378977455757
2024-08-19 04:05:07,2.1061973706018207,-93.46095992195002,123.47957870807979, 4.204360160646413,-30.085544450616897,-3.6395804483723717
2024-08-19 04:05:07,2.673347207376701,-93.43229061360516,123.4525746305324, 5.331854669131335,-30.128024546368568,-4.6149055115385895
2024-08-19 04:05:07,3.8372516616638044,-93.352086609201,123.37695583979175, 7.634714862336861,-30.24638357983859,-6.6052766295907555
2024-08-19 04:05:07,4.8861276153455115,-93.25512582592155,123.28539389685639, 9.693502884689586,-30.388533538233702,-8.382147940092157
2024-08-19 04:05:07,6.295682990384803,-93.08779609227197,123.12700947266467, 12.428639136062406,-30.631475288514412,-10.737827734760058
2024-08-19 04:05:07,7.240187772322871,-92.95178310900808,122.9979207228165, 14.237223426831854,-30.826777564125774,-12.291693378232013
2024-08-19 04:05:07,9.10442039800652,-92.62657934922167,122.68801090473687, 17.74012078493655,-31.28607779724174,-15.290582712781445
2024-08-19 04:05:07,10.052495255623619,-92.4320325057954,122.50176237178113, 19.483685126910544,-31.555833875261197,-16.777125554469226
2024-08-19 04:05:07,10.149209249722738,-92.411072625308,122.48165849709923, 19.66001504821044,-31.584678160245257,-16.927208351972773
2024-08-19 04:05:07,10.162981482107703,-92.40807107550457,122.47877892561193, 19.685101169528817,-31.588805348867478,-16.948556409909546
2024-08-19 04:05:07,9.925835851955606,-92.45916949628358,122.52778009231434, 19.252322434892974,-31.5184262224364,-16.580128878789512
2024-08-19 04:05:07,5.006940823062577,-93.24245045253994,123.27341261720107, 9.929449793573953,-30.407041214940538,-8.585600212146886
2024-08-19 04:05:07,-1.0313320918281943,-93.49661184530609,123.51314055788771, -2.060967488379199,-30.032590678599536,1.7844565117565239
2024-08-19 04:05:07,-8.05725360071293,-92.81856080741215,122.87117889885693, -15.784029801355805,-31.016223777585434,13.61781599142156
2024-08-19 04:05:07,-12.527676566737705,-91.82999842197076,121.92136889983445, -23.901937280486354,-32.36800028964234,20.521948121180905
2024-08-19 04:05:07,-14.957469227570131,-91.10380755766683,121.21315197942067, -28.037450516793257,-33.30504106122278,23.992982594823665
2024-08-19 04:05:08,-15.655948310831068,-90.86968435318086,120.98292740889093, -29.18792722915878,-33.59782550030614,24.95187044759487
2024-08-19 04:05:08,-15.674118232665283,-90.86344056527084,120.97677493210594, -29.217624995064725,-33.605573863207596,24.976581205124774
2024-08-19 04:05:08,-15.576843720366176,-90.89677638006553,121.00961561416862, -29.05849891748662,-33.56416933760624,24.844151797041327
2024-08-19 04:05:08,-15.100228723349792,-91.05688804987437,121.16708787261429, -28.27399409403986,-33.364069492473085,24.190387399048934
2024-08-19 04:05:08,-12.518992581767568,-91.83235129196937,121.92364908228447, -23.88679088641931,-32.36489042742008,20.509170608277376
2024-08-19 04:05:08,-9.519035777537834,-92.54393335985667,122.60896799784021, -18.505935427434885,-31.401123481080845,15.944056809757218
2024-08-19 04:05:08,-7.320395394058609,-92.93934565971766,122.98610091876206, -14.389821500717897,-30.844540893963558,12.422642100411979
2024-08-19 04:05:08,-4.392116555940758,-93.30371442869757,123.33129680635692, -8.72605005217434,-30.31742736907236,7.547517164109682
2024-08-19 04:05:08,-0.9697367438434051,-93.49791453487285,123.5143664736447, -1.937955215112651,-30.030653112716863,1.677960050313403
2024-08-19 04:05:08,1.9449437382625734,-93.4678673071769,123.4860828196809, 3.8832838224125097,-30.075295962673138,-3.3617598578538823
2024-08-19 04:05:08,2.9031902145177284,-93.41873076704672,123.43979758472993, 5.787888220673615,-30.148084865466345,-5.009254049001639
2024-08-19 04:05:08,2.9202467483585464,-93.41767983988865,123.4388071978823, 5.821707571085546,-30.14963875042819,-5.03849535822122
2024-08-19 04:05:08,2.8345682237986,-93.42289650994456,123.44372317088688, 5.65179369762071,-30.14192426224407,-4.8915773323128535
2024-08-19 04:05:08,1.8363346636990483,-93.47220938927842,123.49017098782839, 3.666919020504685,-30.068850901109766,-3.1745269967334986
2024-08-19 04:05:08,0.3321732392103123,-93.50668667145158,123.52262088335343, 0.6640043598149079,-30.017600868974974,-0.5749490695853483
2024-08-19 04:05:08,-2.1840355637538416,-93.4574286469321,123.47625328970622, -4.359271656489189,-30.090781756966678,3.773610711675576
2024-08-19 04:05:08,-4.015599221947948,-93.33725336353348,123.36295875660522, -7.986007786384587,-30.268196122266815,6.908656401332247
2024-08-19 04:05:08,-2.374159476158548,-93.44826379551296,123.46762172832092, -4.737434492351923,-30.104367881829702,4.100765947005615
2024-08-19 04:05:08,-0.3308285004266838,-93.5066960931115,123.52262974825705, -0.6613164577263634,-30.017586845669605,0.5726216941127089
2024-08-19 04:05:08,1.5427380466637644,-93.48269750914694,123.50004448244665, 3.0816296107158303,-30.053274469484528,-2.667980683175233
2024-08-19 04:05:08,2.210179271776393,-93.45621380284088,123.47510921684767, 4.411290881407601,-30.09258319719367,-3.818616292312827
2024-08-19 04:05:09,2.026931500876204,-93.46442411624379,123.48284075264154, 4.046557069723767,-30.08040528779338,-3.503040637916215
2024-08-19 04:05:09,1.815432083898742,-93.47301640284297,123.49093077437895, 3.62526838935265,-30.067652799573015,-3.1384828295406684
2024-08-19 04:05:09,1.50605286295848,-93.48387982255497,123.50115739396735, 3.0084591422686553,-30.051517788561384,-2.6046485259350396
2024-08-19 04:05:09,1.4174460454016793,-93.48661806984346,123.50373481575213, 2.8316964745448687,-30.047448703463516,-2.4516480245386654
2024-08-19 04:05:09,1.401354761693852,-93.4870975250972,123.50418609819675, 2.799591121686643,-30.04673613830312,-2.42385786949756
2024-08-19 04:05:09,1.3141240671790275,-93.48960132641892,123.50654271331366, 2.6255243627878153,-30.043014578916726,-2.2731833055085158
2024-08-19 04:05:09,0.9506289470493137,-93.49830234621696,123.51473142387975, 1.899792037872914,-30.030076261775847,-1.6449202693163119
2024-08-19 04:05:09,-0.04682338906428374,-93.50782950883386,123.52369617589913, -0.09360182321850141,-30.015899784428115,0.08104858424863592
2024-08-19 04:05:09,-0.988103285712504,-93.49753449178199,123.51400883128039, -1.9746366258737957,-30.031218392459593,1.7097167941044442
2024-08-19 04:05:09,-1.2882872382181445,-93.49031203192695,123.50721162073883, -2.5739600681144403,-30.0419580846922,2.2285473952203665
2024-08-19 04:05:09,-1.3778945975236958,-93.4877867295608,123.50483479821412, -2.7527808644207026,-30.045711799520205,2.383338874782961
2024-08-19 04:05:09,-1.4721360557763974,-93.48494758532898,123.50216245880323, -2.940803387747612,-30.049931173105065,2.546088522495043
2024-08-19 04:05:09,-1.962850031080261,-93.46712745367854,123.4853861993549, -3.9189473863354047,-30.07639393683433,3.39262030463369
2024-08-19 04:05:09,-2.063690074977622,-93.4628341809903,123.48134362156647, -4.1197425061287,-30.082764136250287,3.566365605634596
2024-08-19 04:05:10,-2.063690074977622,-93.41074060524764,123.5266242390404, -4.1077074475063595,-30.179887457917943,3.5524502709144654
2024-08-19 04:05:10,-2.063690074977622,-92.29298977215608,124.42756776478642, -3.875532317710494,-32.193690095181466,3.2810959870122027
2024-08-19 04:05:10,-2.063690074977622,-89.45733744013205,126.22880831932558, -3.444719847699761,-36.82116800596667,2.758726152737735
2024-08-19 04:05:10,-2.063690074977622,-85.09414419408564,128.07158935947686, -3.0257179139767225,-43.01731222301562,2.213203730972037
2024-08-19 04:05:10,-2.063690074977622,-79.94468951446856,129.30525482376277, -2.7187270246036324,-49.39245306139641,1.77031504968256
2024-08-19 04:05:10,-2.063690074977622,-78.39468032904551,129.52931970645636, -2.6496928951987107,-51.16458128119986,1.6623028648414224
2024-08-19 04:05:10,-2.063690074977622,-78.49078593400348,129.5171357223619, -2.653733922187013,-51.05640764637398,1.6687394580612391
2024-08-19 04:05:10,-2.063690074977622,-80.50858122974624,129.20856053263472, -2.746041588633233,-48.7326180463137,1.812001031485328
2024-08-19 04:05:10,-2.063690074977622,-84.77011477629904,128.17506911729004, -3.0018083438984844,-43.44423014007309,2.1803882287113363
2024-08-19 04:05:11,-2.063690074977622,-93.1838560685387,123.7202204475273, -4.056666577482145,-30.59930147902584,3.493280089801571
2024-08-19 04:05:11,-2.063690074977622,-96.61009187605883,119.98772834955507, -5.188984451748586,-23.463454268655383,4.7619905977095325
2024-08-19 04:05:11,-2.063690074977622,-97.03300557188591,119.3604708341508, -5.4183383642662495,-22.417776712935165,5.0110317356674425
2024-08-19 04:05:11,-2.063690074977622,-96.77090552968554,119.75526690693403, -5.272364630449009,-23.071816758154462,4.852751936809144
2024-08-19 04:05:11,-2.063690074977622,-94.19291717059554,122.81176641706719, -4.302263874743942,-28.686880328368183,3.7758211310592076
2024-08-19 04:05:11,-2.063690074977622,-84.64433219490888,128.21418045315906, -2.992731041987155,-43.60889848782822,2.167868777539286
2024-08-19 04:05:11,-2.063690074977622,-77.38796548996207,129.6440149872853, -2.6090985750037903,-52.28481088652964,1.5967721742595364
2024-08-19 04:05:11,-2.063690074977622,-81.6620409032423,128.98374440872212, -2.806055769719234,-47.3559593514266,1.9017614201687039
2024-08-19 04:05:11,-2.063690074977622,-91.72167216789427,124.84120022543061, -3.773142288426206,-33.1764474001954,3.15944676779758
2024-08-19 04:05:11,-2.063690074977622,-94.54869900683823,122.45977727891517, -4.401872116772549,-27.981149833648374,3.888984988529212
2024-08-19 04:05:11,-2.063690074977622,-94.6026437215952,122.40480794235089, -4.417670511641253,-27.87255820438436,3.906865646513948
2024-08-19 04:05:11,-2.063690074977622,-94.50090550309777,122.50811815977845, -4.388033947834365,-28.077001536525692,3.873308066298826
2024-08-19 04:05:11,-2.063690074977622,-94.25015897518094,122.75633831084993, -4.317774577826958,-28.5745290460665,3.7934925797291
2024-08-19 04:05:11,-2.063690074977622,-92.43322269467373,124.32147443667768, -3.9021944617803133,-31.947931007241845,3.3125596611775157
2024-08-19 04:05:11,-2.063690074977622,-90.77039984851136,125.46939264898327, -3.621919310190974,-34.7526261142199,2.9771322791885337
2024-08-19 04:05:11,-2.063690074977622,-89.64393888435494,126.12777605695067, -3.468003547320664,-36.534057495397576,2.7877577766177373
2024-08-19 04:05:11,-2.063690074977622,-87.88472873011982,127.00018733344739, -3.268966182235745,-39.16113782418395,2.535765050439659
2024-08-19 04:05:11,-2.063690074977622,-87.05950065566505,127.35324707929195, -3.1891596143530268,-40.337555318073356,2.431970494562587
2024-08-19 04:05:11,-2.063690074977622,-86.73087137522116,127.48490320891904, -3.1593883846212267,-40.79713454802413,2.392779683011061
2024-08-19 04:05:11,-2.063690074977622,-85.21495417404813,128.03198652368326, -3.0348316097777825,-42.85712370507134,2.2256524126474955
2024-08-19 04:05:11,-2.063690074977622,-83.41585019382727,128.56652111556514, -2.909609575698186,-45.18762530524365,2.051543692722577
2024-08-19 04:05:11,-2.063690074977622,-83.0452529794082,128.66274205633368, -2.886352271723087,-45.65384648129628,2.018408963708371
2024-08-19 04:05:11,-2.063690074977622,-82.95199470153676,128.68625310872235, -2.880622414677457,-45.770467969758805,2.010203100449022
2024-08-19 04:05:12,-2.063690074977622,-83.04662413404888,128.66239429249097, -2.8864368784027836,-45.6521297435312,2.0185300029116964
2024-08-19 04:05:12,-2.063690074977622,-86.15232055717873,127.70503115381226, -3.1094953560610747,-41.594618587224836,2.326474942982886
2024-08-19 04:05:12,-2.063690074977622,-87.76831747046253,127.05201139923022, -3.25724351763202,-39.32910038717724,2.520628238046786
2024-08-19 04:05:12,-2.063690074977622,-88.59127863213811,126.67057547250201, -3.3437108079966453,-38.12670049840764,2.631459740132093
2024-08-19 04:05:12,-2.063690074977622,-89.36990704492689,126.27540898138543, -3.4340058373597717,-36.95495765375688,2.745330463039557
2024-08-19 04:05:12,-2.063690074977622,-89.67718456021473,126.10954785471026, -3.472212753905727,-36.482677993972985,2.7929946058831816
2024-08-19 04:05:12,-2.063690074977622,-89.74448858800925,126.07243220033637, -3.4807915846798294,-36.37845046958316,2.803657135233628
2024-08-19 04:05:12,-2.063690074977622,-90.94729337959824,125.35790511379193, -3.648415259255515,-34.464825260348874,3.0093245750473674
2024-08-19 04:05:12,-2.063690074977622,-91.4523425580825,125.0263894270953, -3.728057075367127,-33.629992786127815,3.1054410839122935
2024-08-19 04:05:13,-2.057546213228544,-91.24912863776947,124.82796599268369, -3.7165129804593113,-33.63444085470547,3.095657105061539
2024-08-19 04:05:13,-2.0362191187485856,-90.53773753846738,124.12766874112125, -3.6769945256068826,-33.64436607803913,3.062360150083104
2024-08-19 04:05:13,-1.9907797063551496,-88.98972747987165,122.57327448836386, -3.5956929475617536,-33.635593946548795,2.994898054430265
2024-08-19 04:05:13,-1.9672431354446125,-88.16962676722419,121.73284606453491, -3.5551528179806615,-33.61408286462557,2.9618430321562306
2024-08-19 04:05:13,-1.9123767498566637,-86.20556819456641,119.67248103550463, -3.4649306244743148,-33.51515643463513,2.8899241379702487
2024-08-19 04:05:13,-1.8559961050622442,-84.10394552266206,117.39371184428772, -3.3787254186293785,-33.33551561989023,2.8238012689339573
2024-08-19 04:05:13,-1.8035914777208033,-82.06573944590244,115.11114263656805, -3.304923195652183,-33.08901091124294,2.769857356994422
2024-08-19 04:05:13,-1.7887096408589331,-81.47065862715979,114.43135713981323, -3.285148437393299,-33.00372891704225,2.755936516996747
2024-08-19 04:05:14,-1.7515903676846638,-79.95244031610173,112.66993367095145, -3.2382594146531325,-32.759143268317075,2.7240718484124553
2024-08-19 04:05:14,-1.721162750653443,-78.66937432468296,111.15124085794056, -3.202574828405485,-32.52244850385725,2.701162618767496
2024-08-19 04:05:14,-1.701702722130876,-77.82926080860707,110.14206830155749, -3.1811459203625034,-32.35273684824392,2.6881261803296557
2024-08-19 04:05:14,-1.6975313078785013,-77.64710242716232,109.92172185236286, -3.1767007471160813,-32.3144120014635,2.6855028787902304
2024-08-19 04:05:14,-1.6994240965388785,-77.72984958715384,110.02188375655021, -3.178711136276147,-32.33188867258915,2.6866855822802154
2024-08-19 04:05:14,-1.7014174583650115,-77.8168275429363,110.12704580917288, -3.18084023753471,-32.350138232679825,2.6879448281495404
2024-08-19 04:05:14,-1.7189372645952927,-78.57408965394875,111.03736720857073, -3.200067586788259,-32.503783684084766,2.699606308335698
2024-08-19 04:05:14,-1.7355847276435912,-79.28203221856089,111.87982716028515, -3.2191666197296875,-32.63887590255992,2.7116468911361666
2024-08-19 04:05:14,-1.787180532427762,-81.40908502429807,114.36067634419997, -3.283147477273595,-32.99456317755804,2.7545425030314843
2024-08-19 04:05:14,-1.9678163624510252,-88.1897545602626,121.75361315977543, -3.5561272431033015,-33.614750559294045,2.962632566588454
2024-08-19 04:05:14,-2.154751444028069,-94.37979080551447,127.80503811159114, -3.907470792275212,-33.48657935352019,3.260427482343231
2024-08-19 04:05:14,-2.414979659561358,-102.01721096466584,134.361781469532, -4.507253018153796,-32.42483914009858,3.80680816900892
2024-08-19 04:05:14,-2.701156160955752,-109.47715838580719,139.8426527860418, -5.331900217812879,-30.4739748196967,4.598759877083498
2024-08-19 04:05:14,-2.912321717176745,-114.50659770650768,143.06195158038253, -6.0750110682153435,-28.69103665558309,5.333728575924588
2024-08-19 04:05:14,-3.244849178670677,-121.7794985235233,147.1069205011808, -7.549263671076542,-25.520820805360657,6.819979472822971
2024-08-19 04:05:14,-3.5189768776326833,-127.27426794026678,149.73474943544687, -9.144036127549414,-22.72037331071408,8.445118553393112
2024-08-19 04:05:14,-3.5532015358652322,-127.93178646775242,150.02667464250644, -9.374030171562426,-22.364638262067626,8.680089914825047
2024-08-19 04:05:14,-3.5645517493349512,-128.14851004693224,150.1218870036759, -9.452031740487786,-22.24648391309442,8.759797603574343
2024-08-19 04:05:14,-3.553572385762677,-127.93887802047966,150.02979802443647, -9.37656495111829,-22.36077907212231,8.68268000488085
2024-08-19 04:05:14,-3.4835752954039947,-126.58770916570002,149.42496392290383, -8.914079242047872,-23.087351327510447,8.21028061281731
2024-08-19 04:05:14,-3.199624985610834,-120.83180418258561,146.61798552877826, -7.322746260450647,-25.970442626111442,6.5901599695457485
2024-08-19 04:05:15,-2.681239039311185,-108.98374471396326,139.50686001025826, -5.268175483736909,-30.629335742102548,4.5364811400300304
2024-08-19 04:05:15,-2.359542903068474,-100.46834129425822,133.11158217086694, -4.368322984373337,-32.718996239523705,3.677288453447475
2024-08-19 04:05:15,-2.211031279359836,-96.11623895417762,129.383036224559, -4.0261308319560944,-33.33176124686022,3.36551548357272
2024-08-19 04:05:15,-2.1554505237890993,-94.40168480639409,127.8252585245871, -3.908908240982453,-33.484949424975056,3.261689282361502
2024-08-19 04:05:15,-2.108959244861456,-92.92688299240194,126.44460962055942, -3.815305970875891,-33.57627638294218,3.180160262187014
2024-08-19 04:05:15,-2.0672211640477443,-91.56879425566541,125.1397712949184, -3.7347240983981784,-33.62712093021051,3.1111029897753664
2024-08-19 04:05:15,-2.044174998671479,-90.80421333784729,124.391023465278, -3.691635666926986,-33.64167733159408,3.074660092748058
2024-08-19 04:05:15,-2.0304667196870723,-90.3442387878942,123.93565956147563, -3.6664834266430666,-33.64554572325434,3.0535569475844917
2024-08-19 04:05:15,-2.027442981940401,-90.24224554078421,123.83418842316777, -3.6609835772100214,-33.64590581344699,3.0489599515730084
2024-08-19 04:05:15,-2.0214289398015635,-90.03880615666932,123.63124810510506, -3.6500965918955464,-33.646084457444104,3.039879159782132
2024-08-19 04:05:15,-2.015410314109088,-89.83443110759137,123.42664692652654, -3.6392706097355676,-33.64554008375521,3.0308747268802385
2024-08-19 04:05:15,-2.0124419674264478,-89.73334453013054,123.32517898625491, -3.633956890512828,-33.6450026543492,3.026464544102494
2024-08-19 04:05:15,-2.006537794569465,-89.53170395277931,123.12224490922719, -3.62343802490592,-33.64340047229852,3.0177530074318617
2024-08-19 04:05:16,-1.9885719759927327,-89.53245513829219,123.12300223058541, -3.5910536459496543,-33.642464999707116,2.9907925925076166
2024-08-19 04:05:16,-2.2502653075199106,-89.5208448233094,123.11129597968268, -4.062607429260461,-33.65691851562078,3.383337517148587
2024-08-19 04:05:16,-2.648972005885006,-89.50039524172995,123.09067170148288, -4.780309913439921,-33.68234922242746,3.9806539040662514
2024-08-19 04:05:16,-3.144233076932921,-89.47034765041633,123.06035417724163, -5.670369723700052,-33.71965421544703,4.721152462570371
2024-08-19 04:05:16,-3.0562599394874925,-89.47606121560294,123.06612028373318, -5.512397112564428,-33.712566287635546,4.589748280471352
2024-08-19 04:05:16,-3.141347691944833,-89.47053762562723,123.06054590860147, -5.665189390697581,-33.719418585368366,4.716843547200349
2024-08-19 04:05:16,-3.8821803016241616,-89.41601343780474,123.00549183894604, -6.99301647926697,-33.786926352530706,5.820898476637268
2024-08-19 04:05:16,-6.264877880678952,-89.16211053744281,122.7484380290055, -11.224464086139397,-34.09816308767127,9.332087626079286
2024-08-19 04:05:16,-8.717720322927878,-88.77441365541455,122.35375942537446, -15.495407305863763,-34.56372854593134,12.86046507851059
2024-08-19 04:05:16,-9.35453599104299,-88.6525589203263,122.22916864413891, -16.586867816735783,-34.70770906220743,13.75893857219334
2024-08-19 04:05:17,-9.565406418232753,-88.61026643352365,122.18586599976398, -16.946552325773617,-34.757423421127875,14.05470098766751
2024-08-19 04:05:17,-9.654090152366017,-88.59219044416315,122.16734874777765, -17.097557821874652,-34.77863135495343,14.178820791683208
2024-08-19 04:05:17,-9.672415591023631,-88.5884338699312,122.1634997545332, -17.12874171503366,-34.78303579953782,14.204448886299064
2024-08-19 04:05:17,-9.582218581781849,-88.60685286321251,122.18236953547473, -16.975191148413746,-34.76143028589206,14.078243089430266
2024-08-19 04:05:17,-8.9965992632218,-88.72213312599627,122.30033674984152, -15.97434201265482,-34.62563731610905,13.254895546309037
2024-08-19 04:05:17,-7.249689590329288,-89.02194991519991,122.60605606686364, -12.951156394184036,-34.2678049543436,10.760786536869041
2024-08-19 04:05:17,-5.473734379868203,-89.25974664259445,122.8474189317778, -9.827154917029613,-33.97908411905587,8.174036684931387
2024-08-19 04:05:17,-3.3970791743138467,-89.45302068903555,123.04286439488409, -6.124068951121149,-33.741132915670676,5.098485719916965
2024-08-19 04:05:17,-0.9710040059925726,-89.56396641656309,123.15476202691067, -1.7546855647281352,-33.60318161217209,1.4616008972864591
2024-08-19 04:05:17,2.099050208913866,-89.52772873181505,123.11823705382159, 3.790171275283469,-33.64835016163729,-3.1565559505439347
2024-08-19 04:05:17,6.653175336010182,-89.10931916468998,122.69485023537375, 11.907040637491303,-34.16223755809494,-9.897192190869415
2024-08-19 04:05:17,11.233190734905723,-88.24146931151837,121.80693809878672, 19.75916078396052,-35.18542439861982,-16.361456262733125
2024-08-19 04:05:17,12.857911571082516,-87.82293662923419,121.37403605397985, 22.440674517516317,-35.65949586916082,-18.54977527618043
2024-08-19 04:05:17,13.950234094762342,-87.50813047398526,121.04641063984468, 24.209057038452084,-36.00821545268255,-19.986452371987795
2024-08-19 04:05:17,14.131155305522098,-87.45336379076977,120.98923756308366, 24.499203299903318,-36.06821071353531,-20.221655856999764
2024-08-19 04:05:17,14.488824136419417,-87.34288230545987,120.87374272129486, 25.070473812540605,-36.188643769957686,-20.684310327097712
2024-08-19 04:05:17,14.571787061162265,-87.31683474010919,120.84648223689456, 25.20253894790116,-36.21692216072933,-20.79118219282984
2024-08-19 04:05:18,14.506088952012954,-87.33747481655915,120.86808440098737, 25.097970732428855,-36.19451798760371,-20.706564428785086
2024-08-19 04:05:18,13.080641858775685,-87.76094342177038,121.30965490451375, 22.803549032177187,-35.728692594873394,-18.845017829116003
2024-08-19 04:05:18,11.389544634508825,-88.20375165645358,121.76805067064844, 20.019796830937448,-35.22864780451529,-16.574644804944523
2024-08-19 04:05:18,10.044170050285823,-88.51064330756076,122.08374007199568, 17.7598813653002,-34.87401004847765,-14.722868343126276
2024-08-19 04:05:18,9.197619447722762,-88.68340236120349,122.2607291075971, 16.318646790742964,-34.671369570155925,-13.538278660242568
2024-08-19 04:05:18,8.558945949183997,-88.80342630711851,122.38338532862785, 15.22208444009215,-34.5292845077415,-12.63524602456739
2024-08-19 04:05:18,8.39935500010051,-88.83203899710773,122.41258843312043, 14.946887986300057,-34.495253351334206,-12.40839559640891
2024-08-19 04:05:18,8.302046654543966,-88.8492152718143,122.43011227443638, 14.778863320080553,-34.47479472371021,-12.269846686036155
2024-08-19 04:05:18,8.226975081947371,-88.86232684084882,122.44348569534135, 14.649118808372945,-34.45916256452855,-12.162840845285364
2024-08-19 04:05:18,8.054343378805578,-88.89201678639444,122.4737574945408, 14.350381948453462,-34.42371688676155,-11.916388580335033
2024-08-19 04:05:18,7.670170777215267,-88.95578633340034,122.53872478185012, 13.683705851628684,-34.34735848749048,-11.36604413504504
2024-08-19 04:05:18,7.115912479538917,-89.04220556971936,122.62665393536095, 12.717486387610167,-34.243382776149105,-10.567607267139902
2024-08-19 04:05:18,6.778674519928828,-89.09156928342144,122.67682165062556, 12.127169804010778,-34.18373239900453,-10.079347734738919
2024-08-19 04:05:18,6.604405278060282,-89.11612624023762,122.70176273507829, 11.821432095230655,-34.153987797895155,-9.826339694845347
2024-08-19 04:05:18,6.322677139130436,-89.15445587604619,122.74067090270464, 11.326207731913835,-34.10746725530638,-9.416347037024906
2024-08-19 04:05:18,5.012792437994482,-89.31051118254692,122.89881694068669, 9.009291133735458,-33.91687343994598,-7.49552033527289
2024-08-19 04:05:18,3.6519266121907705,-89.43419634321828,123.02385721802017, 6.58082753069465,-33.76444029820653,-5.478266125106778
2024-08-19 04:05:18,3.3677772974476374,-89.45509752356833,123.04496102178754, 6.071516773687769,-33.73855972828932,-5.054783839248595
2024-08-19 04:05:18,2.993618587727057,-89.48003047136781,123.07012570490147, 5.399877447807783,-33.70764069525862,-4.496146174204245
2024-08-19 04:05:20,2.993618587727057,-89.42327590066154,123.10836730032673, 5.386517188616543,-33.802216326640476,-4.4800770089548125
2024-08-19 04:05:20,2.993618587727057,-83.9590631697729,125.81568776384975, 4.481301811686375,-41.94382561860512,-3.3362323312410327
2024-08-19 04:05:20,2.993618587727057,-82.0984827083072,126.4068271637441, 4.281578574118692,-44.388386343561464,-3.0624663817224334
2024-08-19 04:05:20,2.993618587727057,-81.54659221779592,126.55759288748787, 4.228963014288631,-45.08910571222078,-2.988395114407404
2024-08-19 04:05:20,2.993618587727057,-81.46436835546197,126.57915808418781, 4.221353744736843,-45.19261269606102,-2.9776074329900144
2024-08-19 04:05:20,2.993618587727057,-80.27524270930448,126.86623997468874, 4.117443906706489,-46.66491441268268,-2.828227944632131
2024-08-19 04:05:20,2.993618587727057,-78.8618773042258,127.15097314407117, 4.007249989198401,-48.35874801057339,-2.6651014294995914
2024-08-19 04:05:20,2.993618587727057,-78.3702281804691,127.23664401698996, 3.971895871411969,-48.93466905514571,-2.6115920269861195
2024-08-19 04:05:20,2.993618587727057,-78.2853603522552,127.2507639290151, 3.9659366331382775,-49.03341939802082,-2.6025115516646475
2024-08-19 04:05:20,2.993618587727057,-78.11368796124061,127.27873377281365, 3.954007666123395,-49.232584997010214,-2.5842800803817503
2024-08-19 04:05:20,2.993618587727057,-77.33813306774861,127.39542139117312, 3.9021302152732136,-50.122731662946165,-2.50411177074979
2024-08-19 04:05:20,2.993618587727057,-76.61215382865277,127.49077387869345, 3.8563768656724,-50.94218171782426,-2.432133759031796
2024-08-19 04:05:20,2.993618587727057,-76.41475912703204,127.51445581292995, 3.8443776476437477,-51.16275934445145,-2.4130452531147526
2024-08-19 04:05:20,2.993618587727057,-76.32627688849986,127.52476566165404, 3.839058036636854,-51.2613294410522,-2.4045534433776794
2024-08-19 04:05:20,2.993618587727057,-76.4175046839615,127.51413288881244, 3.8445432929737016,-51.15969776828295,-2.413309385042489
2024-08-19 04:05:20,2.993618587727057,-76.83662255439327,127.46268882990117, 3.8702469338917482,-50.69020183612281,-2.4540866063682985
2024-08-19 04:05:20,2.993618587727057,-79.0582646036877,127.11487502756982, 4.021780678700273,-48.12683302992975,-2.6869200382163254
2024-08-19 04:05:20,2.993618587727057,-81.15558357084669,126.65811924684392, 4.193287116800642,-45.579313730882006,-2.9376453515484475
2024-08-19 04:05:21,2.993618587727057,-82.40810036315378,126.31753847291805, 4.312324817505344,-43.99060125193917,-3.1053456138752398
2024-08-19 04:05:21,2.993618587727057,-83.0753103877844,126.11312045526088, 4.381810598918982,-43.12148045046483,-3.201224879210217
2024-08-19 04:05:21,2.993618587727057,-83.99089632504707,125.80437915092975, 4.485057288013564,-41.90081585020016,-3.341279665948223
2024-08-19 04:05:21,2.993618587727057,-84.23151811158733,125.71751151066351, 4.513854743460778,-41.57433570428573,-3.3798715589566446
2024-08-19 04:05:21,2.993618587727057,-84.3043885814658,125.69071536567816, 4.52272152223017,-41.47497882891412,-3.3917149206363404
2024-08-19 04:05:21,2.993618587727057,-84.2291922443848,125.71836301311473, 4.513572864919132,-41.57750321940983,-3.3794947548067977
2024-08-19 04:05:21,2.993618587727057,-84.06824795113893,125.77672244213791, 4.4942351565813885,-41.79612973333839,-3.353600405436966
2024-08-19 04:05:21,2.993618587727057,-83.02518875025783,126.12906169682951, 4.37643041835431,-43.18735046858983,-3.193849850244276
2024-08-19 04:05:21,2.993618587727057,-82.48360476980405,126.2952376225502, 4.3199626452276,-43.893073373424485,-3.115953047029221
2024-08-19 04:05:21,2.993618587727057,-82.14174705375393,126.3945571317996, 4.285820334200974,-44.33300710558522,-3.068399307082573
2024-08-19 04:05:21,2.993618587727057,-82.06486199432442,126.41631627774542, 4.278294342980279,-44.43137595240651,-3.0578688851401865
2024-08-19 04:05:21,2.993618587727057,-81.59455707750429,126.54490698911185, 4.233428714952106,-45.028620260529685,-2.994717066178938
2024-08-19 04:05:21,2.993618587727057,-81.24360034656617,126.63593530436526, 4.2012064443682675,-45.469408571076414,-2.948948886768094
2024-08-19 04:05:21,2.993618587727057,-81.16059467670158,126.65686310368189, 4.193736284906845,-45.57306326076666,-2.9382870567495853
2024-08-19 04:05:21,2.993618587727057,-81.24212033855643,126.63631044774121, 4.201072752757353,-45.471258737708055,-2.9487582469354483
2024-08-19 04:05:21,2.993618587727057,-81.41538826692779,126.59189577271017, 4.21684839492342,-45.25416321838603,-2.9712109194683496
2024-08-19 04:05:21,2.993618587727057,-82.41385297605844,126.31584672252544, 4.312904776285578,-43.983177966602256,-3.106151673361537
2024-08-19 04:05:21,2.993618587727057,-83.90398018846388,125.8351555160639, 4.4748329163744955,-42.01814877088201,-3.327530175431087
2024-08-19 04:05:21,2.993618587727057,-85.1303315543366,125.37049576743163, 4.628263555460446,-40.33246824633696,-3.531348739996303
2024-08-19 04:05:22,2.993618587727057,-85.20437362950044,125.34025873947286, 4.638202900019818,-40.22852990661277,-3.544377303731183
2024-08-19 04:05:22,2.993618587727057,-85.13506501697452,125.36857048712157, 4.628896505754383,-40.32583121921444,-3.5321790138651328
2024-08-19 04:05:22,2.993618587727057,-84.91062219158722,125.4587063924254, 4.59924882360508,-40.639390463139115,-3.493199981124175
2024-08-19 04:05:22,2.993618587727057,-84.76431265421716,125.51621105985875, 4.580314724028087,-40.842551073647,-3.4682100467348347
2024-08-19 04:05:22,2.993618587727057,-84.69384966990211,125.54355789893013, 4.571303836819555,-40.940049143366174,-3.456290145108823
2024-08-19 04:05:22,2.993618587727057,-84.61960699171182,125.57212960989645, 4.561884200701795,-41.04253714553263,-3.443810658265394
2024-08-19 04:05:22,2.993618587727057,-84.54636505523276,125.60007461340874, 4.55266563930713,-41.14340417390439,-3.4315786795617726
2024-08-19 04:05:22,2.993618587727057,-84.47413359137387,125.62740080083566, 4.54364547242133,-41.24264832248163,-3.419591672895089
2024-08-19 04:05:22,2.993618587727057,-84.40292216313257,125.65411595094831, 4.534821089257859,-41.34026774233559,-3.4078471691543295
2024-08-19 04:05:22,2.993618587727057,-84.32910527690319,125.68157427443091, 4.525744681734573,-41.44122654102666,-3.395748811455369
2024-08-19 04:05:22,2.993618587727057,-84.18088798008088,125.73599471721953, 4.507734424959401,-41.64323496630168,-3.3716859927647413
2024-08-19 04:05:22,2.993618587727057,-83.74642099952287,125.89014468406486, 4.456532751825841,-42.23005186660151,-3.302856740413391
2024-08-19 04:05:22,2.993618587727057,-82.94935333606269,126.15299766338899, 4.368340904290161,-43.286831476310574,-3.1827458972190956
2024-08-19 04:05:23,2.993618587727057,-82.86545778813876,126.17922170967744, 4.359462190887029,-43.39663182224799,-3.170537677260286
2024-08-19 04:05:23,2.993618587727057,-82.78899491057349,126.20288988725851, 4.351433917307652,-43.49647370989627,-3.1594796997440926
2024-08-19 04:05:23,2.993618587727057,-82.71362625949605,126.22600379929608, 4.343579418897834,-43.59467290185115,-3.148643321385317
2024-08-19 04:05:23,2.993618587727057,-82.63679716231493,126.24934678702022, 4.335632219489476,-43.69455780039586,-3.1376609887608913
2024-08-19 04:05:23,2.993618587727057,-82.56106878421623,126.27214057416786, 4.327857010379779,-43.79279853139783,-3.126898567694302
2024-08-19 04:05:23,2.993618587727057,-82.48387426400585,126.29515765136232, 4.319990006663349,-43.89272490088996,-3.1159910154296258
2024-08-19 04:05:23,2.993618587727057,-81.93313605071455,126.45310987591577, 4.265527179875271,-44.59942731019038,-3.039964202096935
2024-08-19 04:05:23,2.993618587727057,-81.2851719732721,126.62536827367659, 4.20496909484418,-45.417410139049814,-2.954311740605871
2024-08-19 04:05:24,2.993618587727057,-81.10859344028061,126.6698581490262, 4.189085147117745,-45.63788570650835,-2.931638729403219
2024-08-19 04:05:24,2.993618587727057,-80.94865900128062,126.70927087568013, 4.174917167634777,-45.83670209996112,-2.9113393204881097
2024-08-19 04:05:24,2.993618587727057,-80.35393223176263,126.84863292850257, 4.123983663688589,-46.568866782940226,-2.8377489942628316
2024-08-19 04:05:24,2.993618587727057,-79.67720214119298,126.99389080140125, 4.06918374656847,-47.3887547690364,-2.7574309276030093
2024-08-19 04:05:24,2.993618587727057,-79.58508275306743,127.01260290686483, 4.061969309852066,-47.49930736207915,-2.746763582153892
2024-08-19 04:05:24,2.993618587727057,-79.50264108509108,127.02913786577119, 4.055560867305731,-47.598035753904426,-2.7372690856095563
2024-08-19 04:05:24,2.993618587727057,-79.58647861558644,127.01232123008808, 4.06207820396301,-47.49763403684078,-2.7469247611317944
2024-08-19 04:05:24,2.993618587727057,-79.761968825827,126.97645074043704, 4.075872972574652,-47.286806100353,-2.7673017714304486
2024-08-19 04:05:24,2.993618587727057,-80.22478403858042,126.87742973413968, 4.113274129020068,-46.72640388745146,-2.8221484312035905
2024-08-19 04:05:24,2.993618587727057,-81.11371581691344,126.6685820197002, 4.189542329198995,-45.63150429659229,-2.932292565349158
2024-08-19 04:05:24,2.993618587727057,-81.5773050175468,126.54947888609425, 4.231820194166756,-45.05038469510586,-2.9924407043354155
2024-08-19 04:05:24,2.993618587727057,-82.9300220111772,126.15906401464693, 4.366288515668485,-43.31215540663986,-3.1799258253620084
2024-08-19 04:05:24,2.993618587727057,-83.09472648985202,126.10691908363371, 4.383902010929163,-43.09593789088956,-3.204089597888867
2024-08-19 04:05:25,2.993618587727057,-83.32008616715406,126.0338666107771, 4.408476928071601,-42.7984037025521,-3.2376625907998595
2024-08-19 04:05:25,2.993618587727057,-83.68663376455524,125.9107430466414, 4.449666373101664,-42.31019479823723,-3.293577625991253
2024-08-19 04:05:25,2.993618587727057,-84.27785324083555,125.7004995811519, 4.519484775031409,-41.51118537195085,-3.3873937021024036
2024-08-19 04:05:25,2.993618587727057,-84.35181158134165,125.67315330237123, 4.528528985030504,-41.41019637970091,-3.3994621354756402
2024-08-19 04:05:25,2.993618587727057,-84.42436761239179,125.64609406392258, 4.537471469091702,-41.310892708410925,-3.4113764471309858
2024-08-19 04:05:25,2.993618587727057,-84.49793972446173,125.61842009240425, 4.546610589627203,-41.209964588101386,-3.42353405846685
2024-08-19 04:05:25,2.993618587727057,-84.57131691157448,125.59058122514344, 4.555797982936632,-41.10906768587423,-3.435737049750404
2024-08-19 04:05:25,2.993618587727057,-85.59655176572531,125.17570980724818, 4.6922603891667904,-39.67364722583555,-3.614893027673885
2024-08-19 04:05:25,2.993618587727057,-86.04091654830245,124.98003466410967, 4.7565415691428035,-39.03578175398365,-3.6980245189223
2024-08-19 04:05:25,2.993618587727057,-86.50735431529193,124.763567731747, 4.827764853500413,-38.355264090243416,-3.7892787342256073
2024-08-19 04:05:25,2.993618587727057,-87.47993375323514,124.27293260581433, 4.990210265619119,-36.897414720465406,-3.994367549068129
2024-08-19 04:05:25,2.993618587727057,-88.50840360323795,123.69003909681373, 5.186240014503966,-35.292398059756536,-4.236942014174074
2024-08-19 04:05:25,2.993618587727057,-88.81769033070235,123.50048148885658, 5.250933547975816,-34.79562135643492,-4.315960011932716
2024-08-19 04:05:25,2.993618587727057,-90.51699960988965,122.32205729414495, 5.666782863351173,-31.93091477620778,-4.813707004157064
2024-08-19 04:05:25,2.993618587727057,-91.82764154096043,121.22210190112237, 6.081835396439856,-29.53295653114106,-5.296462559383142
2024-08-19 04:05:25,2.993618587727057,-92.37520113390136,120.70114622816838, 6.28953246819996,-28.470660146565685,-5.533927722059039
2024-08-19 04:05:25,2.993618587727057,-92.47684498011124,120.59987820628763, 6.330831616262993,-28.268977616789563,-5.580863886345249
2024-08-19 04:05:25,2.993618587727057,-92.52423820123634,120.55214555194033, 6.350406673518454,-28.174433633130704,-5.603079876731308
2024-08-19 04:05:25,2.993618587727057,-92.5706669934408,120.505061954829, 6.369784594584232,-28.081496781806315,-5.625052870810164
2024-08-19 04:05:25,2.993618587727057,-92.66526530803237,120.40812764395749, 6.409897645838184,-27.8911540068131,-5.670477884898208
2024-08-19 04:05:25,2.993618587727057,-92.95857031438277,120.09873017999398, 6.539951149452758,-27.292295536366492,-5.817218315472623
2024-08-19 04:05:25,2.993618587727057,-93.43616827173372,119.56412040453402, 6.772326976855432,-26.286907997248324,-6.077524385198505
2024-08-19 04:05:25,2.993618587727057,-93.53119331341993,119.45284334486946, 6.821982496256463,-26.082055891251827,-6.132858306939869
2024-08-19 04:05:26,2.993618587727057,-93.61481797813956,119.35348665471508, 6.866709558863181,-25.90037852454733,-6.182617940806572
2024-08-19 04:05:26,2.993618587727057,-94.12927404631094,118.71075279765455, 7.165391062082765,-24.751849184673688,-6.513042126280965
2024-08-19 04:05:26,2.993618587727057,-94.30215849662832,118.4816176244849, 7.276002216780054,-24.353017621174,-6.634648041782427
2024-08-19 04:05:26,2.993618587727057,-94.34097854081836,118.42918725981394, 7.301633249660874,-24.26250458398575,-6.662772356679568
2024-08-19 04:05:26,2.993618587727057,-94.5204054391367,118.1819815392431, 7.424141146564291,-23.83938954144658,-6.796926184527263
2024-08-19 04:05:26,2.993618587727057,-94.73719745728499,117.87206795248943, 7.581726190155745,-23.317192940317405,-6.9688639050112196
2024-08-19 04:05:26,2.993618587727057,-94.81604403477613,117.75613354194971, 7.641864071738115,-23.124128275543125,-7.034302684674653
2024-08-19 04:05:27,2.993618587727057,-94.73965460561006,117.86848161855059, 7.5835766447300275,-23.311202305037206,-6.970878886139244
2024-08-19 04:05:27,2.993618587727057,-94.21677821353398,118.59565641901341, 7.220668988592545,-24.550843090461647,-6.573863019429839
2024-08-19 04:05:27,2.993618587727057,-93.50139149228124,119.48792620429342, 6.80627781686929,-26.14648224513129,-6.115368205223681
2024-08-19 04:05:27,2.993618587727057,-93.31563002742921,119.70285508093453, 6.711054109254305,-26.544388216301304,-6.009108378429911
2024-08-19 04:05:27,2.993618587727057,-93.27227363368695,119.75211039779391, 6.689466975667982,-26.63636740184395,-5.984967899403273
2024-08-19 04:05:27,2.993618587727057,-92.9741635067869,120.0818942065577, 6.547118486755809,-27.26007762849717,-5.825282305426989
2024-08-19 04:05:27,2.993618587727057,-92.87539060621583,120.18786726581924, 6.502161603138123,-27.46349748373493,-5.774662225535546
2024-08-19 04:05:27,2.993618587727057,-92.50099740212312,120.57559410533668, 6.340781703597354,-28.220836935002055,-5.592158830051816
2024-08-19 04:05:27,2.993618587727057,-92.16697951895227,120.9040236907389, 6.207718439930518,-28.879316988707036,-5.440677626738862
2024-08-19 04:05:27,2.993618587727057,-91.76936258752959,121.27523229468802, 6.061082630429221,-29.64374095797,-5.27259771684853
2024-08-19 04:05:27,2.993618587727057,-91.60514225466801,121.42267636494034, 6.003888604562062,-29.95367955710539,-5.206689264764705
2024-08-19 04:05:27,2.993618587727057,-91.65513453554196,121.37814143763981, 6.021102831210053,-29.859672334723037,-5.226547886206306
2024-08-19 04:05:27,2.993618587727057,-91.70493857145702,121.33347068802658, 6.038422406700925,-29.765720233106144,-5.246509234329173
2024-08-19 04:05:28,2.993618587727057,-91.65596614505247,121.37739803759236, 6.021390625114931,-29.85810601439014,-5.226879731131069
2024-08-19 04:05:28,2.993618587727057,-91.29866799651423,121.68920487761419, 5.901940522542291,-30.523592664544257,-5.0886864471855295
2024-08-19 04:05:28,2.993618587727057,-90.94419145791554,121.98420064484252, 5.791162982468232,-31.169686967140866,-4.959658788965646
2024-08-19 04:05:28,2.993618587727057,-90.88981746149109,122.02824813499682, 5.7748000426637915,-31.267607556675408,-4.940525232372804
2024-08-19 04:05:28,2.993618587727057,-90.83788628953454,122.0700267026238, 5.759321506194554,-31.36084299873004,-4.92240748560475
2024-08-19 04:05:28,2.993618587727057,-90.78488663594759,122.11237557060417, 5.743672554043638,-31.455711527427276,-4.904071931301481
2024-08-19 04:05:28,2.993618587727057,-90.66764946702926,122.20502871924235, 5.70957652722972,-31.664554359053927,-4.8640574764219675
2024-08-19 04:05:28,2.993618587727057,-89.85298766825645,122.81210540708281, 5.490708453768351,-33.07951038352206,-4.604935958205058
2024-08-19 04:05:28,2.993618587727057,-89.38650196172406,123.13300515785939, 5.3779230658833885,-33.86335736609943,-4.4697309474720095
2024-08-19 04:05:28,2.993618587727057,-89.1982612908663,123.25741589587362, 5.33468430797848,-34.17464359468489,-4.4175641035706015
2024-08-19 04:05:28,2.993618587727057,-89.25670998397929,123.21908948382429, 5.347976848231908,-34.07828870484339,-4.433621744367439
2024-08-19 04:05:28,2.993618587727057,-89.38265787308686,123.13557427299274, 5.3770275163225785,-33.86974234461973,-4.468652411003372
2024-08-19 04:05:28,2.993618587727057,-90.12778057517866,122.61424310389667, 5.561214850176443,-32.60905164582019,-4.688856677186733
2024-08-19 04:05:28,2.993618587727057,-90.31232010017084,122.47749975668899, 5.610399212814644,-32.28929433442121,-4.7471408927358905
2024-08-19 04:05:28,2.993618587727057,-90.42872223583254,122.38959450956776, 5.642222017142257,-32.085971195748556,-4.784742744098738
2024-08-19 04:05:29,2.993618587727057,-90.54965162861416,122.29688352898695, 5.67596281484858,-31.873372045274614,-4.824520278894563
2024-08-19 04:05:29,2.993618587727057,-90.72923380935522,122.15653298593666, 5.72739870160937,-31.555022098486596,-4.884984417941721
2024-08-19 04:05:29,2.993618587727057,-90.83897537503816,122.06915342460326, 5.759644635696669,-31.35889054136917,-4.922785894814673
2024-08-19 04:05:29,2.993618587727057,-91.33629955398744,121.6570664078283, 5.9141378264263,-30.454193228359472,-5.1028409231250045
2024-08-19 04:05:29,2.993618587727057,-91.8941035665238,121.16098611040405, 6.105802758076598,-29.40609960246732,-5.323991695779963
2024-08-19 04:05:29,2.993618587727057,-92.17504669109154,120.89627544572123, 6.210820835978539,-28.863594353032553,-5.444220366999081
2024-08-19 04:05:29,2.993618587727057,-92.27835300685236,120.79626186639182, 6.251023766743205,-28.66147554870274,-5.490081513985129
2024-08-19 04:05:29,2.993618587727057,-92.3721898170526,120.70412371676404, 6.288322889687358,-28.47661291223502,-5.532551694546405
2024-08-19 04:05:29,2.993618587727057,-92.65237293500424,120.42141829257466, 6.404380228447063,-27.917173489933912,-5.664234567237598
2024-08-19 04:05:29,2.993618587727057,-92.8106501410435,120.25647174465412, 6.473255464000546,-27.595988507422156,-5.742065174890129
2024-08-19 04:05:29,2.993618587727057,-92.9040108312779,120.15732422562957, 6.515080572326935,-27.40471553645988,-5.789218131500288
2024-08-19 04:05:29,2.993618587727057,-93.44107004355095,119.55842188987913, 6.774858736723472,-26.276381701047995,-6.080348029940364
2024-08-19 04:05:29,2.993618587727057,-93.86044100476465,119.0535970193895, 7.004010530302179,-25.358856924653818,-6.334900599617873
2024-08-19 04:05:29,2.993618587727057,-94.04122922003349,118.82479207191147, 7.111173478386069,-24.952366983644932,-6.453291452954206
2024-08-19 04:05:29,2.993618587727057,-94.08123489926129,118.77319183172646, 7.135638258945439,-24.861468134728057,-6.480264944570636
2024-08-19 04:05:29,2.993618587727057,-94.2139417163043,118.59941531210806, 7.218854723759933,-24.557386188665483,-6.571868377529839
2024-08-19 04:05:29,2.993618587727057,-94.29869796809943,118.48627365521905, 7.27373193055247,-24.36106884282137,-6.632155941501078
2024-08-19 04:05:29,2.993618587727057,-94.3388236968198,118.4321072253503, 7.300202605749005,-24.267538249029734,-6.661203073389798
2024-08-19 04:05:29,2.993618587727057,-94.37747298796575,118.37956131981731, 7.326005527533209,-24.177084890224613,-6.689496969842844
2024-08-19 04:05:29,2.993618587727057,-94.4165830447879,118.32601198749587, 7.352428130323769,-24.08518463451717,-6.718449678924275
2024-08-19 04:05:29,2.993618587727057,-94.59429972344093,118.07776712550526, 7.476625696282856,-23.662784501302983,-6.854267238391619
2024-08-19 04:05:30,2.993618587727057,-94.76016174299566,117.83848409461181, 7.5990791246371945,-23.261140288937508,-6.9877561562193495
2024-08-19 04:05:30,2.993618587727057,-94.87981681415575,117.66105182638276, 7.691681896411133,-22.96669380643774,-7.088440974374992
2024-08-19 04:05:30,2.993618587727057,-95.12572368496758,117.28288926446636, 7.894398451956636,-22.348387000181994,-7.308107571989175
2024-08-19 04:05:30,2.993618587727057,-95.20329244313811,117.15960944985721, 7.962118917412525,-22.14945818899705,-7.381275456961804
2024-08-19 04:05:30,2.993618587727057,-95.23891501489906,117.10232213107646, 7.993870533889115,-22.057447527820642,-7.415545723530709
2024-08-19 04:05:30,2.993618587727057,-95.2050204076141,117.15684045335067, 7.963649489509845,-22.145004587638553,-7.382927953244233
2024-08-19 04:05:30,2.993618587727057,-94.82888904293786,117.73707772913053, 7.651812180268586,-23.09251114548922,-7.045118614137982
2024-08-19 04:05:30,2.993618587727057,-94.0929817913911,118.75797211375999, 7.142875495623335,-24.834710596214478,-6.488240519013845
2024-08-19 04:05:30,2.993618587727057,-93.46215611681812,119.53385717265837, 6.785786113137155,-26.231050186743964,-6.092532283704401
2024-08-19 04:05:30,2.993618587727057,-93.03857083461904,120.01192627274736, 6.577007230144417,-27.12658270075738,-5.85888516679199
2024-08-19 04:05:30,2.993618587727057,-92.66975626466719,120.40349198159463, 6.411823390641906,-27.882084458641824,-5.672656637602961
2024-08-19 04:05:30,2.993618587727057,-92.56824786314395,120.50752313670425, 6.368769952575066,-28.08634697048283,-5.623902820765139
2024-08-19 04:05:30,2.993618587727057,-92.52103495902435,120.55538216772507, 6.34907712387578,-28.180833984621007,-5.601571575013681
2024-08-19 04:05:30,2.993618587727057,-92.42368661188807,120.65302636181397, 6.30911786545744,-28.374638079674313,-5.556197500596625
2024-08-19 04:05:30,2.993618587727057,-92.32005339936077,120.75546988841342, 6.267505816888019,-28.57947493720791,-5.508857799380043
2024-08-19 04:05:30,2.993618587727057,-91.92736801547171,121.13018492718393, 6.117920927618407,-29.342398123843676,-5.337897697502747
2024-08-19 04:05:31,2.993618587727057,-91.21385746415801,121.76104736762105, 5.874767409054549,-30.679419142456254,-5.057116581047136
2024-08-19 04:05:31,2.993618587727057,-90.13138985979349,122.61159889639148, 5.562162322534721,-32.60282759246868,-4.689981411574314
2024-08-19 04:05:31,2.993618587727057,-89.49330295605192,123.06114439484381, 5.403018916729803,-33.68548571657566,-4.499922035299171
2024-08-19 04:05:31,2.993618587727057,-88.76490272637047,123.53332991809654, 5.239685335539704,-34.88089878238751,-4.3022555176719735
2024-08-19 04:05:31,2.993618587727057,-88.63258440875312,123.61476641700564, 5.21186771833818,-35.093765140378174,-4.268301792112646
2024-08-19 04:05:31,2.993618587727057,-88.4323734169331,123.7355816199584, 5.170772565518229,-35.413474550765365,-4.217977599337677
2024-08-19 04:05:31,2.993618587727057,-88.37128696148538,123.77187740666776, 5.158465651227863,-35.51046143886202,-4.202867841488095
2024-08-19 04:05:31,2.993618587727057,-88.3110312825347,123.80742413539564, 5.146429665689105,-35.60587673612666,-4.188073000169852
2024-08-19 04:05:31,2.993618587727057,-88.17554924203392,123.88643384991647, 5.119735780023324,-35.81950829511431,-4.1551969613470146
2024-08-19 04:05:31,2.993618587727057,-87.90179939705409,124.04229334099048, 5.067302801141636,-36.24742121340709,-4.0903591643649015
2024-08-19 04:05:31,2.993618587727057,-87.11028792833893,124.46593509667818, 4.926092064593629,-37.45795777877299,-3.913895384145359
2024-08-19 04:05:31,2.993618587727057,-86.82232512701775,124.61067060893296, 4.878204848293364,-37.88907337457367,-3.8533944297337897
2024-08-19 04:05:31,2.993618587727057,-86.22061129200294,124.89801581338241, 4.783507848895914,-38.77497459412697,-3.7326772522714866
2024-08-19 04:05:31,2.993618587727057,-86.14612644487619,124.93221946104228, 4.772259885121132,-38.88328540633683,-3.718238638396176
2024-08-19 04:05:31,2.993618587727057,-86.00786116642158,124.99493819406239, 4.751643533244691,-39.08357566732472,-3.6917166010112035
2024-08-19 04:05:31,2.993618587727057,-85.78637163627157,125.09334836996527, 4.719311730843783,-39.40238340104973,-3.6499697678701235
2024-08-19 04:05:31,2.993618587727057,-85.48173919030093,125.22465721516495, 4.676183726350467,-39.83686023893456,-3.5939812198586254
2024-08-19 04:05:31,2.993618587727057,-85.10048024162903,125.38261312701606, 4.624279603226789,-40.37430018474953,-3.526120905023643
2024-08-19 04:05:31,2.993618587727057,-84.7709220694745,125.51363439613553, 4.581163511035381,-40.83339433700241,-3.469331947106303
2024-08-19 04:05:31,2.993618587727057,-83.6538362186894,125.92198062928637, 4.445917615177002,-42.35409731111607,-3.2885066209201126
2024-08-19 04:05:31,2.993618587727057,-83.22386930252023,126.06529924859684, 4.397916580020804,-42.925676444548856,-3.22325545328237
2024-08-19 04:05:31,2.993618587727057,-83.05729448105126,126.11886158557716, 4.379873631262447,-43.14516807774597,-3.1985706435563843
2024-08-19 04:05:31,2.993618587727057,-82.62661557976499,126.25242375761168, 4.334583508879707,-43.707778420861054,-3.136210395824655
2024-08-19 04:05:31,2.993618587727057,-82.11458898059561,126.40226710885226, 4.283155636954413,-44.36777771343289,-3.0646728654769486
2024-08-19 04:05:31,2.993618587727057,-82.03364915922711,126.42508994580359, 4.2752547022903,-44.471251110969824,-3.0536107658328366
2024-08-19 04:05:31,2.993618587727057,-81.66859388134709,126.52517140437173, 4.240361044784045,-44.93510414131641,-3.004517755712132
2024-08-19 04:05:31,2.993618587727057,-81.31823659247998,126.61692258019937, 4.207972035901268,-45.37601164682607,-2.958588252760507
2024-08-19 04:05:32,2.993618587727057,-81.22997110981127,126.63938721517452, 4.199975976887973,-45.48644383392207,-2.9471940442908084
2024-08-19 04:05:32,2.993618587727057,-81.31261772089728,126.61836037780652, 4.20746108471787,-45.38304929550167,-2.957860824217151
2024-08-19 04:05:32,2.993618587727057,-81.49081594512221,126.5722465250413, 4.223794974391529,-45.1593440991768,-2.981070505738372
2024-08-19 04:05:32,2.993618587727057,-81.66290416345414,126.52669473606888, 4.23982659789172,-44.94229744866882,-3.0037627410076886
2024-08-19 04:05:32,2.993618587727057,-82.21693734597974,126.37307379832923, 4.293233989797142,-44.23660427960334,-3.0787553367035754
2024-08-19 04:05:32,2.993618587727057,-82.56324618212315,126.27148815481412, 4.328079768958404,-43.78997678360281,-3.1272071555983487
2024-08-19 04:05:32,2.993618587727057,-83.10362181967571,126.10407310339947, 4.38486153009705,-43.084230940272114,-3.205403502814553
2024-08-19 04:05:32,2.993618587727057,-84.978603325033,125.43165278381578, 4.6081508408268155,-40.544662331475095,-3.5049230009027235
2024-08-19 04:05:32,2.993618587727057,-85.68163220141912,125.13901704159892, 4.704311678455938,-39.5522832012583,-3.6305365475501405
2024-08-19 04:05:32,2.993618587727057,-86.42468781658977,124.80278525373447, 4.814847347523298,-38.476716846601455,-3.772792240601265
2024-08-19 04:05:32,2.993618587727057,-87.2463958139499,124.39582911681165, 4.949344981412812,-37.25250919815835,-3.943148375657815
2024-08-19 04:05:32,2.993618587727057,-87.46180737174976,124.28259106152629, 4.986993636241716,-36.925094309175,-3.9903445835432314
2024-08-19 04:05:32,2.993618587727057,-87.53313019478134,124.2444697151376, 4.999694688334847,-36.81606549960234,-4.006221033226536
2024-08-19 04:05:32,2.993618587727057,-87.59679813963885,124.21017182373487, 5.011133998351084,-36.71847325954609,-4.020501004726783
2024-08-19 04:05:32,2.993618587727057,-87.53419290090866,124.24389931696368, 4.999884837149871,-36.81443860923373,-4.006458549455819
2024-08-19 04:05:32,2.993618587727057,-87.47033611787617,124.27804913973794, 4.988506156707324,-36.91207313583108,-3.9922364404748403
2024-08-19 04:05:32,2.993618587727057,-87.4041490525097,124.31317888307208, 4.976812533257606,-37.0130070721039,-3.9776016503197344
2024-08-19 04:05:32,2.993618587727057,-87.33990186440404,124.34702190120713, 4.965557980462334,-37.11072830324732,-3.9634979444214764
2024-08-19 04:05:32,2.993618587727057,-87.20219965770889,124.4187147430049, 4.9417497731423286,-37.31934124062296,-3.933602128909719
2024-08-19 04:05:32,2.993618587727057,-86.9154311143588,124.56439950859286, 4.893497862486289,-37.75020273150053,-3.8727540117072454
2024-08-19 04:05:32,2.993618587727057,-86.84754562276879,124.59818580141363, 4.882329773365538,-37.851504766012255,-3.858619805575333
2024-08-19 04:05:33,2.993618587727057,-86.77945546729245,124.63180899680007, 4.871223126566316,-37.95284989854912,-3.8445440293196316
2024-08-19 04:13:47,0.0,-89.13333181940897,126.46514434841474, 2.220446049250313e-16,-37.33181252900581,2.220446049250313e-16
